	2000	0.854681471171628	0.845634879127901	2.14466258947166	1.94112036597694
Atchison County	2000	0.800221222553233	0.242964090501899	11.9445603790315	3.1629539005117
Bacon County	2000	1.16882639439525	0.394037665248029	0.968799546297476	0.510743075979096
Bourbon County	2000	1.91311509060926	0.981927929642619	3.36480235006261	1.38012281034904
Boyd County	2000	1.08632395123137	0.811506515389252	1.16897233718456	0.742057103989764
Bradley County	2000	1.48963163619572	0.575784865485228	1.34438973649361	0.998918771389285
Buchanan County	2000	1.19566727137363	0.746048858837383	3.33290427837515	2.23978773438143
Carter County	2000	3.9537385800043	1.15103299806721	2.1192846596921	1.8444911326466
Cass County	2000	2.39871955045682	1.1905819797829	2.25716916969997	0.847801015491152
Corson County	2000	0.560309233425475	0.175081015075484	4.80740878627221	3.22714074515268
Crockett County	2000	1.63710645180621	0.360468061527427	2.13404230057911	1.832451329326
Culpeper County	2000	0.661751083786756	0.619014439413437	1.65924813480491	1.22416906368606
Edmonson County	2000	0.732442176605944	0.299753341574573	1.60289705148679	1.49124566966591
Ferry County	2000	0.701372576535022	0.341010413979238	4.00291948296976	2.60346424433492
Fillmore County	2000	0.507768922691411	0.349921225261491	2.44316167851218	1.30113584148892
Forest County	2000	0.644745096763111	0.342367153800744	5.77102736641623	1.88107396292616
Gaston County	2000	0.763773585502871	0.455495568636867	3.95561127950704	2.14157208867586
Grant County	2000	0.693335906529081	0.622870065749971	1.78864440391256	1.72219698265009
Green County	2000	0.763666740143236	0.321498503816794	4.69415179614253	4.20703393156247
Harlan County	2000	1.67035452402649	1.59011462583917	2.47195880035173	2.10729423552902
Harris County	2000	2.33756878339065	0.333126434099827	2.41705787693965	1.02579422343889
Heard County	2000	4.10255425797345	1.2669473694435	3.5002279608513	1.12780400281997
Houston County	2000	2.04532581379072	1.03898262024544	1.96505101107434	1.42119328479425
Ingham County	2000	0.574390404563176	0.38411364614137	1.30651659021889	0.992061013187198
Lake County	2000	1.25507734972894	0.745928167155122	1.51514725864382	1.26566157863214
Lamar County	2000	0.74935756785185	0.745616869266174	4.26903583162332	2.02958382186798
Lincoln County	2000	1.01913659071384	0.944844969873433	2.33595981997359	1.77692773583797
Marion County	2000	1.158998671469	0.916511420012996	2.44503995542959	1.85107281966013
Mercer County	2000	0.738341741251334	0.60167821268	3.01245002846535	2.72447026833097
Meriwether County	2000	0.365747588469441	0.300417184634471	2.772270098668	0.787768689631481
Miller County	2000	2.57574486635572	1.31827331294324	2.19196784625245	0.982218113162963
Mitchell County	2000	4.43923300874974	1.16133474512593	1.39403628066461	1.25607445425889
Mora County	2000	1.18326068380691	0.635654236033249	2.51312040659622	0.918567175296676
Nantucket County	2000	1.43789670528375	0.722692086188969	1.17548815032781	0.962303762426299
New Kent County	2000	0.602616194265844	0.399062211135157	2.86938639567487	2.62589483534123
Nicholas County	2000	2.16511619646192	2.05627395349408	6.02129981251529	1.26257658392038
Otero County	2000	2.75465526787611	1.24629885719291	2.97611082044227	2.24583464561823
Oxford County	2000	0.973142971738724	0.757240455990015	4.01268689882568	1.64075103593614
Perry County	2000	1.58078031254531	0.76445318524893	2.15336994924911	1.80241038564111
Prince William County	2000	3.37637294390633	0.630787296360595	1.70696672591256	0.934323753946378
Refugio County	2000	1.81297643260971	0.586731800538635	1.30198390085676	1.26960356663764
Rice County	2000	1.13469845554799	0.733017644813779	2.37814935529701	1.98640182855262
Richmond County	2000	1.57166529010944	1.29401499151473	2.30959201118034	1.77801574004217
Sheridan County	2000	1.38602993112915	1.25065703628943	1.57593627431305	0.537886077623079
Smith County	2000	0.636935741252481	0.427881834375405	5.74484457179102	4.47795842098562
Stark County	2000	7.33821959455126	1.41758911718791	1.86383952742222	1.22736577699012
Steele County	2000	1.37741333938882	0.76651250341981	1.24797335804697	0.93119537471174
Stone County	2000	1.90004219386909	0.811920324778165	3.6993611057953	1.52166194955095
Tooele County	2000	6.59030285094209	0.768910489074275	1.78863718124697	0.340067289397564
Vernon County	2000	0.974454326117783	0.915946204252551	1.36880362121572	1.04171186172365
Williamson County	2000	2.98510216435127	0.391417741512092	5.80596457866339	4.39669909544374
Wright County	2000	5.02933513881997	1.970809893907	4.07652891489034	1.96647245178231
