able	AAAAAAAACAAAAAAA	5271	1.36265187580093	3.08639562548733	0.322088522575113	0.480423597960098	1.14163248063282	0.759840693321818	1.84548616820775
able	AAAAAAAACAAAAAAA	5271	1.36265187580093	3.08639562548733	0.322088522575113	0.480423597960098	1.14163248063282	0.759840693321818	1.84548616820775
able	AAAAAAAACAAAAAAA	5271	1.36265187580093	3.08639562548733	0.322088522575113	0.480423597960098	1.14163248063282	0.759840693321818	1.84548616820775
able	AAAAAAAACAAAAAAA	5271	1.36265187580093	3.08639562548733	0.322088522575113	0.480423597960098	1.14163248063282	0.759840693321818	1.84548616820775
able	AAAAAAAACAAAAAAA	5271	1.36265187580093	3.08639562548733	0.322088522575113	0.480423597960098	1.14163248063282	0.759840693321818	1.84548616820775
able	AAAAAAAACAAAAAAA	5271	1.36265187580093	3.08639562548733	0.322088522575113	0.480423597960098	1.14163248063282	0.759840693321818	1.84548616820775
able	AAAAAAAACAAAAAAA	5271	1.36265187580093	3.08639562548733	0.322088522575113	0.480423597960098	1.14163248063282	0.759840693321818	1.84548616820775
able	AAAAAAAACAAAAAAA	5271	1.36265187580093	3.08639562548733	0.322088522575113	0.480423597960098	1.14163248063282	0.759840693321818	1.84548616820775
able	AAAAAAAACAAAAAAA	5271	1.36265187580093	3.08639562548733	0.322088522575113	0.480423597960098	1.14163248063282	0.759840693321818	1.84548616820775
able	AAAAAAAACAAAAAAA	5271	1.36265187580093	3.08639562548733	0.322088522575113	0.480423597960098	1.14163248063282	0.759840693321818	1.84548616820775
able	AAAAAAAACAAAAAAA	5271	1.36265187580093	3.08639562548733	0.322088522575113	0.480423597960098	1.14163248063282	0.759840693321818	1.84548616820775
able	AAAAAAAACAAAAAAA	5271	1.36265187580093	3.08639562548733	0.322088522575113	0.480423597960098	1.14163248063282	0.759840693321818	1.84548616820775
able	AAAAAAAACAAAAAAA	5271	1.36265187580093	3.08639562548733	0.322088522575113	0.480423597960098	1.14163248063282	0.759840693321818	1.84548616820775
able	AAAAAAAACAAAAAAA	5271	1.36265187580093	3.08639562548733	0.322088522575113	0.480423597960098	1.14163248063282	0.759840693321818	1.84548616820775
able	AAAAAAAACAAAAAAA	5271	1.36265187580093	3.08639562548733	0.322088522575113	0.480423597960098	1.14163248063282	0.759840693321818	1.84548616820775
able	AAAAAAAACAAAAAAA	5271	1.36265187580093	3.08639562548733	0.322088522575113	0.480423597960098	1.14163248063282	0.759840693321818	1.84548616820775
able	AAAAAAAACAAAAAAA	5271	1.36265187580093	3.08639562548733	0.322088522575113	0.480423597960098	1.14163248063282	0.759840693321818	1.84548616820775
able	AAAAAAAACAAAAAAA	5271	1.36265187580093	3.08639562548733	0.322088522575113	0.480423597960098	1.14163248063282	0.759840693321818	1.84548616820775
able	AAAAAAAACAAAAAAA	5271	1.36265187580093	3.08639562548733	0.322088522575113	0.480423597960098	1.14163248063282	0.759840693321818	1.84548616820775
able	AAAAAAAACAAAAAAA	5271	1.36265187580093	3.08639562548733	0.322088522575113	0.480423597960098	1.14163248063282	0.759840693321818	1.84548616820775
able	AAAAAAAACAAAAAAA	5271	1.36265187580093	3.08639562548733	0.322088522575113	0.480423597960098	1.14163248063282	0.759840693321818	1.84548616820775
able	AAAAAAAACAAAAAAA	5271	1.36265187580093	3.08639562548733	0.322088522575113	0.480423597960098	1.14163248063282	0.759840693321818	1.84548616820775
able	AAAAAAAACAAAAAAA	5271	1.36265187580093	3.08639562548733	0.322088522575113	0.480423597960098	1.14163248063282	0.759840693321818	1.84548616820775
able	AAAAAAAACAAAAAAA	5271	1.36265187580093	3.08639562548733	0.322088522575113	0.480423597960098	1.14163248063282	0.759840693321818	1.84548616820775
able	AAAAAAAACAAAAAAA	5271	1.36265187580093	3.08639562548733	0.322088522575113	0.480423597960098	1.14163248063282	0.759840693321818	1.84548616820775
able	AAAAAAAACAAAAAAA	5271	1.36265187580093	3.08639562548733	0.322088522575113	0.480423597960098	1.14163248063282	0.759840693321818	1.84548616820775
able	AAAAAAAACAAAAAAA	5271	1.36265187580093	3.08639562548733	0.322088522575113	0.480423597960098	1.14163248063282	0.759840693321818	1.84548616820775
able	AAAAAAAACAAAAAAA	5271	1.36265187580093	3.08639562548733	0.322088522575113	0.480423597960098	1.14163248063282	0.759840693321818	1.84548616820775
able	AAAAAAAACAAAAAAA	5271	1.36265187580093	3.08639562548733	0.322088522575113	0.480423597960098	1.14163248063282	0.759840693321818	1.84548616820775
able	AAAAAAAACAAAAAAA	5271	1.36265187580093	3.08639562548733	0.322088522575113	0.480423597960098	1.14163248063282	0.759840693321818	1.84548616820775
able	AAAAAAAACAAAAAAA	5271	1.36265187580093	3.08639562548733	0.322088522575113	0.480423597960098	1.14163248063282	0.759840693321818	1.84548616820775
able	AAAAAAAACAAAAAAA	5271	1.36265187580093	3.08639562548733	0.322088522575113	0.480423597960098	1.14163248063282	0.759840693321818	1.84548616820775
able	AAAAAAAACAAAAAAA	5271	1.36265187580093	3.08639562548733	0.322088522575113	0.480423597960098	1.14163248063282	0.759840693321818	1.84548616820775
able	AAAAAAAACAAAAAAA	5271	1.36265187580093	3.08639562548733	0.322088522575113	0.480423597960098	1.14163248063282	0.759840693321818	1.84548616820775
able	AAAAAAAACAAAAAAA	5271	1.36265187580093	3.08639562548733	0.322088522575113	0.480423597960098	1.14163248063282	0.759840693321818	1.84548616820775
able	AAAAAAAACAAAAAAA	5271	1.36265187580093	3.08639562548733	0.322088522575113	0.480423597960098	1.14163248063282	0.759840693321818	1.84548616820775
able	AAAAAAAACAAAAAAA	5271	1.36265187580093	3.08639562548733	0.322088522575113	0.480423597960098	1.14163248063282	0.759840693321818	1.84548616820775
able	AAAAAAAACAAAAAAA	5271	1.36265187580093	3.08639562548733	0.322088522575113	0.480423597960098	1.14163248063282	0.759840693321818	1.84548616820775
able	AAAAAAAACAAAAAAA	5271	1.36265187580093	3.08639562548733	0.322088522575113	0.480423597960098	1.14163248063282	0.759840693321818	1.84548616820775
able	AAAAAAAACAAAAAAA	5271	1.36265187580093	3.08639562548733	0.322088522575113	0.480423597960098	1.14163248063282	0.759840693321818	1.84548616820775
able	AAAAAAAACAAAAAAA	5271	1.36265187580093	3.08639562548733	0.322088522575113	0.480423597960098	1.14163248063282	0.759840693321818	1.84548616820775
able	AAAAAAAACAAAAAAA	5271	1.36265187580093	3.08639562548733	0.322088522575113	0.480423597960098	1.14163248063282	0.759840693321818	1.84548616820775
able	AAAAAAAACAAAAAAA	5271	1.36265187580093	3.08639562548733	0.322088522575113	0.480423597960098	1.14163248063282	0.759840693321818	1.84548616820775
able	AAAAAAAACAAAAAAA	5271	1.36265187580093	3.08639562548733	0.322088522575113	0.480423597960098	1.14163248063282	0.759840693321818	1.84548616820775
able	AAAAAAAACAAAAAAA	5271	1.36265187580093	3.08639562548733	0.322088522575113	0.480423597960098	1.14163248063282	0.759840693321818	1.84548616820775
able	AAAAAAAACAAAAAAA	5271	1.36265187580093	3.08639562548733	0.322088522575113	0.480423597960098	1.14163248063282	0.759840693321818	1.84548616820775
able	AAAAAAAACAAAAAAA	5271	1.36265187580093	3.08639562548733	0.322088522575113	0.480423597960098	1.14163248063282	0.759840693321818	1.84548616820775
able	AAAAAAAACAAAAAAA	5271	1.36265187580093	3.08639562548733	0.322088522575113	0.480423597960098	1.14163248063282	0.759840693321818	1.84548616820775
able	AAAAAAAACAAAAAAA	5271	1.36265187580093	3.08639562548733	0.322088522575113	0.480423597960098	1.14163248063282	0.759840693321818	1.84548616820775
able	AAAAAAAACAAAAAAA	5272	1.09689572780273	0.758347615616092	0.680007250543791	0.987386123260772	1.00343721944338	1.33354788381054	0.992338020710511
able	AAAAAAAACAAAAAAA	5272	1.09689572780273	0.758347615616092	0.680007250543791	0.987386123260772	1.00343721944338	1.33354788381054	0.992338020710511
able	AAAAAAAACAAAAAAA	5272	1.09689572780273	0.758347615616092	0.680007250543791	0.987386123260772	1.00343721944338	1.33354788381054	0.992338020710511
able	AAAAAAAACAAAAAAA	5272	1.09689572780273	0.758347615616092	0.680007250543791	0.987386123260772	1.00343721944338	1.33354788381054	0.992338020710511
able	AAAAAAAACAAAAAAA	5272	1.09689572780273	0.758347615616092	0.680007250543791	0.987386123260772	1.00343721944338	1.33354788381054	0.992338020710511
able	AAAAAAAACAAAAAAA	5272	1.09689572780273	0.758347615616092	0.680007250543791	0.987386123260772	1.00343721944338	1.33354788381054	0.992338020710511
able	AAAAAAAACAAAAAAA	5272	1.09689572780273	0.758347615616092	0.680007250543791	0.987386123260772	1.00343721944338	1.33354788381054	0.992338020710511
able	AAAAAAAACAAAAAAA	5272	1.09689572780273	0.758347615616092	0.680007250543791	0.987386123260772	1.00343721944338	1.33354788381054	0.992338020710511
able	AAAAAAAACAAAAAAA	5272	1.09689572780273	0.758347615616092	0.680007250543791	0.987386123260772	1.00343721944338	1.33354788381054	0.992338020710511
able	AAAAAAAACAAAAAAA	5272	1.09689572780273	0.758347615616092	0.680007250543791	0.987386123260772	1.00343721944338	1.33354788381054	0.992338020710511
able	AAAAAAAACAAAAAAA	5272	1.09689572780273	0.758347615616092	0.680007250543791	0.987386123260772	1.00343721944338	1.33354788381054	0.992338020710511
able	AAAAAAAACAAAAAAA	5272	1.09689572780273	0.758347615616092	0.680007250543791	0.987386123260772	1.00343721944338	1.33354788381054	0.992338020710511
able	AAAAAAAACAAAAAAA	5272	1.09689572780273	0.758347615616092	0.680007250543791	0.987386123260772	1.00343721944338	1.33354788381054	0.992338020710511
able	AAAAAAAACAAAAAAA	5272	1.09689572780273	0.758347615616092	0.680007250543791	0.987386123260772	1.00343721944338	1.33354788381054	0.992338020710511
able	AAAAAAAACAAAAAAA	5272	1.09689572780273	0.758347615616092	0.680007250543791	0.987386123260772	1.00343721944338	1.33354788381054	0.992338020710511
able	AAAAAAAACAAAAAAA	5272	1.09689572780273	0.758347615616092	0.680007250543791	0.987386123260772	1.00343721944338	1.33354788381054	0.992338020710511
able	AAAAAAAACAAAAAAA	5272	1.09689572780273	0.758347615616092	0.680007250543791	0.987386123260772	1.00343721944338	1.33354788381054	0.992338020710511
able	AAAAAAAACAAAAAAA	5272	1.09689572780273	0.758347615616092	0.680007250543791	0.987386123260772	1.00343721944338	1.33354788381054	0.992338020710511
able	AAAAAAAACAAAAAAA	5272	1.09689572780273	0.758347615616092	0.680007250543791	0.987386123260772	1.00343721944338	1.33354788381054	0.992338020710511
able	AAAAAAAACAAAAAAA	5272	1.09689572780273	0.758347615616092	0.680007250543791	0.987386123260772	1.00343721944338	1.33354788381054	0.992338020710511
able	AAAAAAAACAAAAAAA	5272	1.09689572780273	0.758347615616092	0.680007250543791	0.987386123260772	1.00343721944338	1.33354788381054	0.992338020710511
able	AAAAAAAACAAAAAAA	5272	1.09689572780273	0.758347615616092	0.680007250543791	0.987386123260772	1.00343721944338	1.33354788381054	0.992338020710511
able	AAAAAAAACAAAAAAA	5272	1.09689572780273	0.758347615616092	0.680007250543791	0.987386123260772	1.00343721944338	1.33354788381054	0.992338020710511
able	AAAAAAAACAAAAAAA	5272	1.09689572780273	0.758347615616092	0.680007250543791	0.987386123260772	1.00343721944338	1.33354788381054	0.992338020710511
able	AAAAAAAACAAAAAAA	5272	1.09689572780273	0.758347615616092	0.680007250543791	0.987386123260772	1.00343721944338	1.33354788381054	0.992338020710511
able	AAAAAAAACAAAAAAA	5272	1.09689572780273	0.758347615616092	0.680007250543791	0.987386123260772	1.00343721944338	1.33354788381054	0.992338020710511
able	AAAAAAAACAAAAAAA	5272	1.09689572780273	0.758347615616092	0.680007250543791	0.987386123260772	1.00343721944338	1.33354788381054	0.992338020710511
able	AAAAAAAACAAAAAAA	5272	1.09689572780273	0.758347615616092	0.680007250543791	0.987386123260772	1.00343721944338	1.33354788381054	0.992338020710511
able	AAAAAAAACAAAAAAA	5272	1.09689572780273	0.758347615616092	0.680007250543791	0.987386123260772	1.00343721944338	1.33354788381054	0.992338020710511
able	AAAAAAAACAAAAAAA	5272	1.09689572780273	0.758347615616092	0.680007250543791	0.987386123260772	1.00343721944338	1.33354788381054	0.992338020710511
able	AAAAAAAACAAAAAAA	5272	1.09689572780273	0.758347615616092	0.680007250543791	0.987386123260772	1.00343721944338	1.33354788381054	0.992338020710511
able	AAAAAAAACAAAAAAA	5272	1.09689572780273	0.758347615616092	0.680007250543791	0.987386123260772	1.00343721944338	1.33354788381054	0.992338020710511
able	AAAAAAAACAAAAAAA	5272	1.09689572780273	0.758347615616092	0.680007250543791	0.987386123260772	1.00343721944338	1.33354788381054	0.992338020710511
able	AAAAAAAACAAAAAAA	5272	1.09689572780273	0.758347615616092	0.680007250543791	0.987386123260772	1.00343721944338	1.33354788381054	0.992338020710511
able	AAAAAAAACAAAAAAA	5272	1.09689572780273	0.758347615616092	0.680007250543791	0.987386123260772	1.00343721944338	1.33354788381054	0.992338020710511
able	AAAAAAAACAAAAAAA	5272	1.09689572780273	0.758347615616092	0.680007250543791	0.987386123260772	1.00343721944338	1.33354788381054	0.992338020710511
able	AAAAAAAACAAAAAAA	5272	1.09689572780273	0.758347615616092	0.680007250543791	0.987386123260772	1.00343721944338	1.33354788381054	0.992338020710511
able	AAAAAAAACAAAAAAA	5272	1.09689572780273	0.758347615616092	0.680007250543791	0.987386123260772	1.00343721944338	1.33354788381054	0.992338020710511
able	AAAAAAAACAAAAAAA	5272	1.09689572780273	0.758347615616092	0.680007250543791	0.987386123260772	1.00343721944338	1.33354788381054	0.992338020710511
able	AAAAAAAACAAAAAAA	5272	1.09689572780273	0.758347615616092	0.680007250543791	0.987386123260772	1.00343721944338	1.33354788381054	0.992338020710511
able	AAAAAAAACAAAAAAA	5272	1.09689572780273	0.758347615616092	0.680007250543791	0.987386123260772	1.00343721944338	1.33354788381054	0.992338020710511
able	AAAAAAAACAAAAAAA	5272	1.09689572780273	0.758347615616092	0.680007250543791	0.987386123260772	1.00343721944338	1.33354788381054	0.992338020710511
able	AAAAAAAACAAAAAAA	5272	1.09689572780273	0.758347615616092	0.680007250543791	0.987386123260772	1.00343721944338	1.33354788381054	0.992338020710511
able	AAAAAAAACAAAAAAA	5272	1.09689572780273	0.758347615616092	0.680007250543791	0.987386123260772	1.00343721944338	1.33354788381054	0.992338020710511
able	AAAAAAAACAAAAAAA	5272	1.09689572780273	0.758347615616092	0.680007250543791	0.987386123260772	1.00343721944338	1.33354788381054	0.992338020710511
able	AAAAAAAACAAAAAAA	5272	1.09689572780273	0.758347615616092	0.680007250543791	0.987386123260772	1.00343721944338	1.33354788381054	0.992338020710511
able	AAAAAAAACAAAAAAA	5272	1.09689572780273	0.758347615616092	0.680007250543791	0.987386123260772	1.00343721944338	1.33354788381054	0.992338020710511
able	AAAAAAAACAAAAAAA	5272	1.09689572780273	0.758347615616092	0.680007250543791	0.987386123260772	1.00343721944338	1.33354788381054	0.992338020710511
able	AAAAAAAACAAAAAAA	5272	1.09689572780273	0.758347615616092	0.680007250543791	0.987386123260772	1.00343721944338	1.33354788381054	0.992338020710511
able	AAAAAAAACAAAAAAA	5273	1.19728505080764	1.02715075434758	0.47495191280188	0.632462933814452	0.708915061863188	1.49232889938186	0.574005827452445
able	AAAAAAAACAAAAAAA	5273	1.19728505080764	1.02715075434758	0.47495191280188	0.632462933814452	0.708915061863188	1.49232889938186	0.574005827452445
