2000	116	51507	8.91	98	45.86	80.12	11	46.07	39.52
2000	119	51419	0.81	60	52.03	86.53	74	68.27	31.33
2000	248		2.11	99	56.51	56.93	47	0.0	1.58
2000	277	52580	1.92	23	44.62	13.73	12	4.43	5.98
2000	349		1.15	70.0	0.0	69.9	61	0.0	0.0
2000	386	37347	3.64	91	43.97	62.43	25	49.56	54.63
2000	415	6082	1.4	21	10.69	9.28	15	84.25	151.18
2000	419		0.02	1	33.22	4.78	57	81.23	173.3
2000	439	6746	0.64	63	73.32	113.49	98	53.27	116.62
2000	515		1.69	113.0	84.37	94.51	67	0.0	4.71
2000	560		0.0	0.0	79.2	57.0	42	19.94	0.0
2000	575		0.21	17	7.37	12	81	70.84	59.84
2000	631		49.5	99	66.29	55.59	2	0.0	0.0
2000	635		2.13	34	0.0	0.0	16	0.0	99.21
2000	661		4.0	40	0.0	12.06	10	64.82	0.0
2000	671		1.13	105	83.83	42.46	93	39.02	40.58
2000	709		0.0	0.0	0.0	148.54	40	42.04	0.0
2000	727	68847	0.11	4	80.79	133.39	38	30.35	10.78
2000	727		2.0	16.0	4.97	0.0	8	0.0	0.0
2000	758		1.36	129	44.35	17.48	95	0.0	0.0
2000	770	71482	1.0	5	76.75	10.74	5	54.6	44.73
2000	794		0.0	0.0	8.09	0.0	57	87.8	0.0
2000	811	26283	0.11	2	12.13	3.49	18	23.05	53.62
2000	827		3.2	157	51.38	31.7	49	0.0	0.0
2000	829		4.0	172.0	15.35	132.73	43	23.24	37.46
2000	848		0.0	0.0	0.0	79.93	88	89.32	0.0
2000	911	75040	0.24	14	38.78	40.41	58	50.34	27.48
2000	950	24423	2.79	92	90.88	43.57	33	87.42	79.3
2000	1033	58414	0.71	70	75.01	51.76	99	26.05	22.1
2000	1057	43743	0.49	40	0.0	0.0	81	43.3	56.89
2000	1057		3.21	218	78.91	40.5	68	0.0	0.0
2000	1085	43604	0.39	30	2.73	0.07	77	69.64	34.92
2000	1094	96214	1.59	89	33.54	13.13	56	15.38	7.44
2000	1121	11170	0.64	49	25.12	25.64	76	77.61	91.3
2000	1129		44.5	89	0.0	32.81	2	2.1	3.7
2000	1169		2.73	205	92.75	3.8	75	0.0	2.04
2000	1238		2.5	160	140.14	32.5	64	7.03	3.54
2000	1273	2863	0.36	22	88.48	70.78	61	61.11	89.44
2000	1289	82364	4.25	17	20.35	11.39	4	74.5	55.78
2000	1325		2.16	192	4.46	51.22	89	0.0	75.08
2000	1387	87715	1.0	42	78.96	40.64	42	3.57	6.86
2000	1429	88113	0.36	30	25.01	8.26	83	26.6	28.38
2000	1501		0.79	37.0	3.43	7.7	47	0.0	68.74
2000	1513	8950	1.44	13	36.19	22.18	9	92.66	49.03
2000	1568		0.36	26	0.0	34.26	73	0.0	0.0
2000	1580		0.63	77	0.0	60.81	123	71.64	0.0
2000	1649		3.27	98	0.0	0.0	30	0.0	3.14
2000	1663		0.0	0.0	0.0	21.69	6	0.0	0.0
2000	1676		0.18	18	30.69	9.45	99	10.99	0.0
2000	1733		2.81	73.0	44.08	0.0	26	46.14	0.0
2000	1757		0.9	60.0	0.0	30.15	67.0	0.0	0.0
2000	1778		0.11	8	84.92	0.0	71	65.5	93.53
2000	1826		1.49	70	27.82	0.0	47	149.39	0.0
2000	1897		0.97	90	73.14	0.0	93	0.0	19.62
2000	1913		17.0	51.0	117.77	47.34	3	0.0	0.0
2000	1931	23937	0.15	14	62.46	80.18	93	69.3	70.74
2000	1933		8.5	17	90.17	66.48	2	75.64	0.0
2000	2021		1.91	107	0.0	21.44	56	79.6	10.76
2000	2057		0.74	42	0.0	0.0	57	0.0	0.0
2000	2131	14809	0.0	0.0	0.0	52.1	49	94.38	118.06
2000	2222		12.0	24.0	46.24	25.03	2	77.96	0.0
2000	2245	80723	0.26	12	2.26	3.44	46	77.99	121.28
2000	2255		2.99	206.0	83.66	78.07	69	84.56	74.46
2000	2267		3.17	73	0.0	0.0	23	0.0	212.8
2000	2353		1.45	32	95.68	0.0	22	43.17	0.0
2000	2366		0.0	0.0	0.0	1.2	78	0.0	0.0
2000	2417	67675	1.69	91	13.2	11.53	54	42.91	89.98
2000	2423	79617	0.18	3	66	18.36	17	83.33	173.24
2000	2423		0.24	23	32.84	31.64	96	69.12	16.28
2000	2443		0.0	0.0	0.0	9.04	8	0.0	0.0
2000	2791	6940	5.76	98	10.1	14.33	17	87.21	80.58
2000	2837	28347	1.04	50	53.26	7.26	48	47.1	46.53
2000	2894	30405	9.14	64	94.53	120.69	7	51.1	88.38
2000	2911		0.27	6.0	64.76	10.3	22	92.04	0.0
2000	2918	52124	3.92	47	98.06	115.41	12	24.19	34.48
2000	2971	98888	1.57	55	94.36	9.97	35	46.71	68
2000	2977		1.0	24	0.0	0.0	24	45.27	0.0
2000	2984	81877	1.11	52	41.98	44.58	47	80.78	91.36
2000	3008		0.18	13.0	22.94	142.56	72	28	0.0
2000	3037		2.63	50.0	35.38	44.9	19	25.96	18.02
2000	3038		1.33	40.0	98.97	118.99	30	0.0	21.56
2000	3053	42988	0.28	7	4.26	4.44	25	24.23	35.26
2000	3218	37840	0.17	13	33.7	9.7	78	96.33	41.03
2000	3341	97361	6.38	83	85.95	95.87	13	81.09	91.87
2000	3353		0.0	0.0	65.6	1.62	47.0	83.7	170.44
2000	3355	27256	5.7	57	93.06	118.83	10	10.21	5.07
2000	3380	81542	1.12	58	29.45	2.69	52	63.09	13.32
2000	3397	6926	3.09	68	79.62	75.24	22	98.18	213.93
2000	3446		2.9	84.0	77.5	0.0	29	10.66	7.06
2000	3475	70282	2.51	93	97.84	84.04	37	82.25	99.04
2000	3541		0.0	0.0	14.98	17.92	37	59.56	77.76
2000	3554		0.0	0.0	0.0	4.92	50	44.86	69.98
2000	3584		1.12	77	45.06	41.62	69	0.0	34.66
2000	3608		1.53	153	41.14	72.26	100	72.85	144.96
2000	3691	60308	0.37	34	68.21	94.29	92	81.54	116.63
2000	3704		0.0	0.0	0.0	29.58	93	0.0	0.0
2000	3799		0.21	6	70.17	23.73	28	28.8	33.41
2000	3925	25531	0.03	2	80.95	63.23	77	93.6	85.58
2000	3941		1.75	63	69.4	55.87	36	66.53	82.8
2000	4022		0.0	0.0	129.7	0.0	6	25.51	22.22
