AAAAAAAAANECAAAA	34	18.5792349726776	9	4.91803278688525	18	9.83606557377049	20.3333333333333
AAAAAAAACAOBAAAA	27	11.6883116883117	38	16.4502164502165	12	5.19480519480519	25.6666666666667
AAAAAAAACBNDAAAA	38	11.6207951070336	52	15.9021406727829	19	5.81039755351682	36.3333333333333
AAAAAAAACCGAAAAA	30	15.1515151515152	18	9.09090909090909	18	9.09090909090909	22.0
AAAAAAAACKBDAAAA	32	12.6984126984127	22	8.73015873015873	30	11.9047619047619	28.0
AAAAAAAACOIBAAAA	31	8.07291666666667	29	7.55208333333333	68	17.7083333333333	42.6666666666667
AAAAAAAAEBLDAAAA	9	3.7037037037037	34	13.9917695473251	38	15.6378600823045	27.0
AAAAAAAAELFDAAAA	54	20.2247191011236	4	1.49812734082397	31	11.6104868913858	29.6666666666667
AAAAAAAAFEBAAAAA	19	15.4471544715447	17	13.8211382113821	5	4.0650406504065	13.6666666666667
AAAAAAAAFODDAAAA	30	11.4942528735632	7	2.68199233716475	50	19.1570881226054	29.0
AAAAAAAAGLMCAAAA	37	26.8115942028986	3	2.17391304347826	6	4.34782608695652	15.3333333333333
AAAAAAAAHAGDAAAA	16	8.33333333333333	15	7.8125	33	17.1875	21.3333333333333
AAAAAAAAHCDEAAAA	41	19.2488262910798	1	0.469483568075117	29	13.6150234741784	23.6666666666667
AAAAAAAALAEBAAAA	19	6.95970695970696	21	7.69230769230769	51	18.6813186813187	30.3333333333333
AAAAAAAAMBDEAAAA	26	6.37254901960784	66	16.1764705882353	44	10.7843137254902	45.3333333333333
AAAAAAAAMBGBAAAA	5	5.05050505050505	1	1.01010101010101	27	27.2727272727273	11.0
AAAAAAAAMDODAAAA	17	10.8974358974359	32	20.5128205128205	3	1.92307692307692	17.3333333333333
AAAAAAAAMOIAAAAA	84	25.4545454545455	12	3.63636363636364	14	4.24242424242424	36.6666666666667
AAAAAAAANMAAAAAA	12	25.0	1	2.08333333333333	3	6.25	5.33333333333333
AAAAAAAAODOAAAAA	5	4.3859649122807	3	2.63157894736842	30	26.3157894736842	12.6666666666667
AAAAAAAAPJOCAAAA	29	15.3439153439153	21	11.1111111111111	13	6.87830687830688	21.0
