97101	-8409.06
16563	-7972.67
95296	-5750.5
53066	-3610.38
92370	-3588.52
39529	-3218.68
23748	-3123.2
29524	-2903.04
38477	-2722.75
37519	-2671.38
28676	-2244.06
71171	-2130.94
4842	-2019.87
94658	-1779.74
81414	-1755.84
21853	-1627.02
42261	-1537.08
59312	-1524.21
34857	-1505.0
11285	-1501.02
86926	-1286.64
65972	-1173.42
85019	-1144.11
79278	-1105.39
63530	-1079.1
37231	-1044.16
10225	-1040.49
26872	-1038.45
2571	-1003.8
58106	-957.99
62436	-953.7
65807	-931.97
43216	-891.0
52467	-881.02
80910	-872.2
77130	-751.3
11603	-695.46
78595	-682.13
58602	-682.1
48204	-635.25
15690	-630.11
32967	-605.55
4694	-554.19
54291	-538.51
72450	-513.92
99140	-490.48
85524	-427.59
84014	-420.05
17682	-409.7
458	-399.28
99426	-358.44
78248	-332.0
15425	-298.95
35859	-274.72
90204	-272.88
6154	-222.15
3640	-220.22
94970	-214.06
59407	-203.5
84937	-163.26
9125	-154.88
86456	-147.07
75616	-138.04
74115	-117.21
61009	-116.44
58617	-100.17
47506	-94.26
80117	-91.35
39062	-85.3
15698	-74.31
20214	-62.96
68544	-51.17
27004	-45.48
55609	-45.24
44929	-39.8
52886	-32.92
20161	-29.6
33062	-21.08
39039	-21.06
2660	-17.12
26587	-14.52
63723	-13.02
6948	-6.88
16701	-4.32
78786	-2.7
6811	-2.5
148	0.0
213	0
287	0
357	0.0
501	0.0
620	0
1159	0.0
1393	0.0
1756	0
1990	0
2149	0.0
2181	0
2191	0.0
2346	0.0
