AAAAAAAAAAACAAAA	17.0000	13.1500	7.7000	1.9700
AAAAAAAAAAAEAAAA	99.0000	123.4400	0.0000	44.4300
AAAAAAAAAABBAAAA	11.0000	77.3100	0.0000	38.6500
AAAAAAAAAABEAAAA	35.5000	18.9000	0.0000	4.8500
AAAAAAAAAACAAAAA	61.0000	38.6300	90.2450	16.3850
AAAAAAAAAACCAAAA	10.5000	83.4650	0.0000	30.0200
AAAAAAAAAADBAAAA	44.0000	108.3600	0.0000	13.0000
AAAAAAAAAADCAAAA	54.0000	59.2900	0.0000	34.9800
AAAAAAAAAADEAAAA	93.0000	43.5700	0.0000	38.3400
AAAAAAAAAAEAAAAA	72.0000	16.4600	0.0000	13.3300
AAAAAAAAAAEBAAAA	88.0000	29.0200	0.0000	0.8700
AAAAAAAAAAEDAAAA	91.0000	84.3750	0.0000	9.0900
AAAAAAAAAAFDAAAA	37.0000	33.1300	0.0000	20.2000
AAAAAAAAAAGEAAAA	35.0000	56.4800	881.4500	23.6300
AAAAAAAAAAHDAAAA	33.0000	59.0500	0.0000	48.5300
AAAAAAAAAAICAAAA	68.5000	108.7300	166.7800	69.2200
AAAAAAAAAAIDAAAA	76.0000	97.1900	0.0000	43.7300
AAAAAAAAAAJCAAAA	30.0000	47.5500	0.0000	30.4300
AAAAAAAAAAKBAAAA	59.0000	55.0800	0.0000	17.0700
AAAAAAAAAAMBAAAA	74.0000	10.3900	0.0000	8.6200
AAAAAAAAAAMCAAAA	86.0000	24.1000	0.4100	0.4800
AAAAAAAAAANAAAAA	43.0000	80.1600	0.0000	41.6800
AAAAAAAAAANBAAAA	28.0000	112.2700	0.0000	57.2500
AAAAAAAAAAOAAAAA	46.0000	12.6300	0.0000	4.6700
AAAAAAAAAAPBAAAA	66.0000	39.5900	969.8000	18.6000
AAAAAAAAAAPCAAAA	90.0000	68.2800	0.0000	47.7900
AAAAAAAAABAAAAAA	10.5000	71.4800	0.0000	28.9200
AAAAAAAAABABAAAA	12.5000	100.5300	2.2300	34.8075
AAAAAAAAABADAAAA	100.0000	68.6700	0.0000	50.8100
AAAAAAAAABAEAAAA	49.0000	15.7900	0.0000	11.8400
AAAAAAAAABBCAAAA	52.0000	115.1000	0.0000	24.1700
AAAAAAAAABDEAAAA	92.0000	168.9600	0.0000	23.6500
AAAAAAAAABEAAAAA	33.3333	58.6467	99.4733	22.1667
AAAAAAAAABECAAAA	43.0000	167.7400	0.0000	88.9000
AAAAAAAAABEDAAAA	74.0000	129.1000	0.0000	108.4400
AAAAAAAAABFBAAAA	36.0000	115.1800	0.0000	109.4200
AAAAAAAAABFCAAAA	51.0000	121.9800	0.0000	17.0700
AAAAAAAAABFEAAAA	65.0000	117.8800	0.0000	107.2700
AAAAAAAAABGBAAAA	52.0000	71.5450	0.0000	30.2850
AAAAAAAAABGDAAAA	67.5000	58.8600	0.0000	35.2500
AAAAAAAAABHAAAAA	71.0000	39.3850	804.3750	8.3800
AAAAAAAAABHCAAAA	48.0000	12.6700	52.1600	4.1800
AAAAAAAAABHDAAAA	55.0000	17.7800	0.0000	5.5150
AAAAAAAAABJAAAAA	32.0000	20.1100	0.0000	15.6800
AAAAAAAAABJBAAAA	21.0000	72.3350	0.0000	11.3700
AAAAAAAAABJDAAAA	43.0000	74.9200	0.0000	8.2400
AAAAAAAAABKAAAAA	67.0000	103.0700	0.0000	34.0100
AAAAAAAAABKCAAAA	43.0000	73.9300	0.0000	48.0500
AAAAAAAAABKDAAAA	84.0000	102.9500	0.0000	42.2000
AAAAAAAAABMAAAAA	58.0000	136.3400	0.0000	35.4400
AAAAAAAAABMDAAAA	80.0000	3.0600	0.0000	1.8900
AAAAAAAAABNAAAAA	96.0000	81.9500	0.0000	64.7400
AAAAAAAAABNCAAAA	42.0000	88.8300	0.0000	20.6500
AAAAAAAAABOBAAAA	18.0000	81.4900	0.0000	58.6700
AAAAAAAAABOCAAAA	31.0000	73.8767	0.0000	59.9400
AAAAAAAAABPBAAAA	48.5000	37.8300	183.7800	11.7200
AAAAAAAAACACAAAA	60.0000	104.3750	351.5650	25.3150
AAAAAAAAACADAAAA	29.0000	43.7400	0.0000	13.9900
AAAAAAAAACBBAAAA	44.5000	87.5100	0.0000	36.1400
AAAAAAAAACBEAAAA	76.0000	156.0500	0.0000	113.9100
AAAAAAAAACCDAAAA	26.0000	35.5733	0.0000	13.0133
AAAAAAAAACCEAAAA	4.0000	10.9800	0.0000	4.9400
AAAAAAAAACDAAAAA	16.0000	87.8700	36.2600	75.5600
AAAAAAAAACDCAAAA	27.0000	89.8600	0.0000	40.4300
AAAAAAAAACEBAAAA	42.0000	94.5800	0.0000	51.2600
AAAAAAAAACFBAAAA	45.0000	88.3050	0.0000	24.2600
AAAAAAAAACGAAAAA	47.0000	10.4600	0.0000	5.6400
AAAAAAAAACGDAAAA	24.0000	51.5450	0.0000	18.8350
AAAAAAAAACHBAAAA	44.0000	103.2700	0.0000	65.0600
AAAAAAAAACHCAAAA	68.5000	91.6800	0.0000	66.1650
AAAAAAAAACIAAAAA	7.0000	25.4200	0.0000	8.6400
AAAAAAAAACIBAAAA	21.0000	89.2900	915.0100	71.4300
AAAAAAAAACIDAAAA	43.0000	56.2800	56.1100	4.5000
AAAAAAAAACLAAAAA	36.0000	125.5700	0.0000	13.8100
AAAAAAAAACLDAAAA	61.3333	114.2067	0.0000	59.1233
AAAAAAAAACMDAAAA	56.0000	79.0200	0.0000	64.0000
AAAAAAAAACNCAAAA	63.0000	54.2000	0.0000	29.2600
AAAAAAAAACOAAAAA	50.0000	27.4300	229.2150	13.4300
AAAAAAAAACPAAAAA	32.0000	147.6200	2480.3200	87.0900
AAAAAAAAACPCAAAA	80.0000	12.6000	0.0000	0.3700
AAAAAAAAACPDAAAA	87.0000	105.9300	0.0000	9.5300
AAAAAAAAADABAAAA	68.5000	35.7950	0.0000	27.8400
AAAAAAAAADACAAAA	96.0000	101.5400	0.0000	99.5000
AAAAAAAAADAEAAAA	53.0000	74.6400	0.0000	7.6300
AAAAAAAAADBBAAAA	6.0000	85.5800	234.1400	81.3000
AAAAAAAAADBDAAAA	47.0000	39.3300	62.7100	12.0900
AAAAAAAAADBEAAAA	52.0000	2.4100	0.0000	1.0600
AAAAAAAAADCAAAAA	91.0000	92.1700	0.0000	67.2800
AAAAAAAAADCCAAAA	33.0000	40.8000	0.0000	28.5600
AAAAAAAAADDBAAAA	45.0000	18.6300	0.0000	17.6900
AAAAAAAAADDCAAAA	66.0000	162.1700	1525.9000	37.2900
AAAAAAAAADDEAAAA	35.0000	78.2567	0.0000	36.6300
AAAAAAAAADEBAAAA	59.5000	110.3800	157.9650	16.1650
AAAAAAAAADEEAAAA	17.0000	54.5400	0.0000	16.3600
AAAAAAAAADFAAAAA	44.0000	133.5100	0.0000	25.3600
AAAAAAAAADGBAAAA	31.0000	107.5500	919.8250	56.5350
AAAAAAAAADGCAAAA	78.0000	119.6100	0.0000	74.1500
AAAAAAAAADGEAAAA	45.5000	99.3050	0.0000	1.0650
AAAAAAAAADHAAAAA	86.0000	81.0900	0.0000	37.3000
AAAAAAAAADHBAAAA	28.0000	68.5800	223.7900	53.6150
