AAAAAAAAAAAEAAAA	63.0000	30.0100	0.0000	25.2900
AAAAAAAAAABEAAAA	96.0000	75.3400	0.0000	10.5400
AAAAAAAAAACAAAAA	73.0000	199.7700	0.0000	41.9500
AAAAAAAAAACCAAAA	23.5000	26.6200	110.9700	14.2000
AAAAAAAAAADBAAAA	23.0000	131.5600	0.0000	26.3100
AAAAAAAAAADEAAAA	15.0000	283.9100	0.0000	19.8700
AAAAAAAAAAEAAAAA	71.0000	176.7133	0.0000	142.6933
AAAAAAAAAAEBAAAA	96.0000	66.7400	1014.3900	16.0100
AAAAAAAAAAFCAAAA	85.0000	76.8100	143.6100	42.2400
AAAAAAAAAAGEAAAA	47.0000	136.9250	0.0000	95.2750
AAAAAAAAAAHBAAAA	27.0000	105.8400	0.0000	35.9800
AAAAAAAAAAIDAAAA	78.3333	126.3700	0.0000	61.9433
AAAAAAAAAAJBAAAA	60.3333	85.5967	23.2000	15.5000
AAAAAAAAAAKDAAAA	21.0000	84.4150	0.0000	26.8500
AAAAAAAAAALCAAAA	20.0000	62.7900	0.0000	48.9700
AAAAAAAAAALDAAAA	49.0000	73.1550	0.0000	21.0050
AAAAAAAAAAMCAAAA	81.0000	229.6200	15221.1700	202.0600
AAAAAAAAAANAAAAA	42.0000	79.9900	0.0000	76.7900
AAAAAAAAAANDAAAA	94.0000	27.9200	0.0000	1.6700
AAAAAAAAAAOAAAAA	66.0000	44.2950	25.8200	10.0550
AAAAAAAAAAOCAAAA	34.3333	84.4967	1133.9533	63.4300
AAAAAAAAABABAAAA	45.0000	79.8200	0.0000	67.8400
AAAAAAAAABAEAAAA	1.0000	171.5400	0.0000	49.7400
AAAAAAAAABBAAAAA	8.0000	279.0800	0.0000	55.8100
AAAAAAAAABBCAAAA	56.0000	45.9700	1286.3800	23.4400
AAAAAAAAABBDAAAA	47.0000	22.4400	0.0000	21.9900
AAAAAAAAABCBAAAA	84.0000	43.8700	0.0000	28.5100
AAAAAAAAABEDAAAA	43.0000	105.7700	668.4000	37.0100
AAAAAAAAABFEAAAA	66.0000	239.5500	0.0000	184.4500
AAAAAAAAABJAAAAA	49.0000	10.2400	0.0000	8.0800
AAAAAAAAABKAAAAA	71.0000	99.4200	0.0000	15.9000
AAAAAAAAABLBAAAA	40.0000	233.6000	0.0000	93.4400
AAAAAAAAABOCAAAA	51.0000	4.5500	0.0000	4.1400
AAAAAAAAACCAAAAA	39.0000	63.7450	22.2600	17.7850
AAAAAAAAACDCAAAA	51.0000	158.9750	1334.0700	124.7850
AAAAAAAAACDDAAAA	85.5000	75.7350	0.0000	36.2850
AAAAAAAAACEEAAAA	38.0000	78.6900	0.0000	19.6700
AAAAAAAAACFDAAAA	93.0000	59.4400	0.0000	7.7200
AAAAAAAAACGCAAAA	55.0000	103.2100	0.0000	27.8600
AAAAAAAAACHBAAAA	62.0000	180.2900	0.0000	32.4500
AAAAAAAAACIBAAAA	95.0000	214.4000	0.0000	4.2800
AAAAAAAAACKBAAAA	59.0000	92.9100	0.0000	29.6750
AAAAAAAAACMCAAAA	65.0000	119.5500	0.0000	84.8800
AAAAAAAAACNBAAAA	65.0000	169.2900	0.0000	121.8800
AAAAAAAAACNCAAAA	12.0000	64.1600	0.0000	16.0400
AAAAAAAAACOBAAAA	90.0000	50.8400	0.0000	6.1000
AAAAAAAAACODAAAA	46.0000	35.8400	0.0000	16.2767
AAAAAAAAACPAAAAA	62.0000	191.0000	823.8150	132.1950
AAAAAAAAADABAAAA	31.0000	30.6600	0.0000	2.4500
AAAAAAAAADACAAAA	31.0000	174.0600	0.0000	46.9900
AAAAAAAAADAEAAAA	21.0000	65.4300	0.0000	62.1500
AAAAAAAAADBAAAAA	88.0000	102.5700	7392.1800	92.3100
AAAAAAAAADBDAAAA	67.0000	221.2200	0.0000	79.6300
AAAAAAAAADCAAAAA	67.0000	70.1600	2248.6200	36.4800
AAAAAAAAADCDAAAA	37.0000	92.2800	0.0000	31.6600
AAAAAAAAADDCAAAA	27.0000	133.7900	0.0000	14.7100
AAAAAAAAADEAAAAA	99.0000	26.5400	0.0000	8.7500
AAAAAAAAADFDAAAA	49.0000	56.5800	0.0000	5.6500
AAAAAAAAADGEAAAA	49.0000	87.9600	0.0000	15.8300
AAAAAAAAADHAAAAA	36.0000	32.8900	849.5200	25.6500
AAAAAAAAADIAAAAA	98.0000	168.8900	0.0000	69.2400
AAAAAAAAADIDAAAA	5.0000	99.2950	0.0000	86.4450
AAAAAAAAADJBAAAA	87.0000	88.3500	7.6800	8.8300
AAAAAAAAADJCAAAA	71.0000	30.5000	0.0000	7.0100
AAAAAAAAADKAAAAA	40.5000	123.0100	0.0000	8.1200
AAAAAAAAADKBAAAA	23.0000	61.7700	0.0000	52.5000
AAAAAAAAADLAAAAA	35.0000	108.6900	0.0000	78.2500
AAAAAAAAADMBAAAA	14.0000	181.4300	0.0000	170.5400
AAAAAAAAADNAAAAA	23.0000	43.2800	0.0000	5.6200
AAAAAAAAADNBAAAA	19.0000	119.6400	0.0000	7.1700
AAAAAAAAADOCAAAA	37.5000	30.2250	0.0000	19.3550
AAAAAAAAADODAAAA	66.0000	4.6100	0.0000	2.5300
AAAAAAAAAEADAAAA	63.0000	153.0400	0.0000	148.4400
AAAAAAAAAEAEAAAA	25.0000	189.9400	0.0000	144.3500
AAAAAAAAAEBAAAAA	15.0000	96.7400	0.0000	10.6400
AAAAAAAAAECBAAAA	57.0000	31.6600	0.0000	11.3900
AAAAAAAAAEDBAAAA	90.0000	185.3100	0.0000	18.5300
AAAAAAAAAEFBAAAA	44.0000	56.3200	0.0000	39.4950
AAAAAAAAAEFCAAAA	14.0000	136.8000	735.4300	82.0800
AAAAAAAAAEGBAAAA	93.0000	138.2000	0.0000	134.0500
AAAAAAAAAEGDAAAA	71.0000	109.7300	332.4400	59.2000
AAAAAAAAAEHCAAAA	73.0000	216.2300	0.0000	211.9000
AAAAAAAAAEHDAAAA	28.0000	85.4250	0.0000	38.9650
AAAAAAAAAEJBAAAA	46.0000	85.1800	0.0000	79.2100
AAAAAAAAAEKCAAAA	59.0000	69.2600	0.0000	2.0700
AAAAAAAAAEMDAAAA	3.0000	183.7800	0.0000	134.1500
AAAAAAAAAFAAAAAA	54.0000	255.7100	0.0000	86.9400
AAAAAAAAAFADAAAA	90.0000	51.0000	0.0000	7.6500
AAAAAAAAAFBEAAAA	34.5000	105.1600	0.0000	37.6650
AAAAAAAAAFCDAAAA	81.0000	66.5250	0.0000	54.1250
AAAAAAAAAFDDAAAA	24.0000	110.7450	0.0000	56.0950
AAAAAAAAAFEEAAAA	44.0000	78.8700	2115.7700	71.7700
AAAAAAAAAFFBAAAA	39.5000	189.8250	0.0000	56.2250
AAAAAAAAAFFDAAAA	27.0000	73.3100	37.2500	2.1900
AAAAAAAAAFGCAAAA	64.0000	164.0650	883.1550	150.2000
AAAAAAAAAFHBAAAA	18.0000	92.0600	0.0000	26.6900
AAAAAAAAAFIDAAAA	26.0000	165.6500	409.9900	46.3800
AAAAAAAAAFLBAAAA	12.5000	146.0100	13.6450	118.7750
AAAAAAAAAFMCAAAA	41.0000	37.8800	0.0000	13.6300
AAAAAAAAAFMDAAAA	72.0000	97.7700	0.0000	24.4400
