AAAAAAAAAAABAAAA	TN	0	46.0000	114.7200	0.0000	32.1200
AAAAAAAAAAABAAAA		1	46.0000	114.7200	0.0000	32.1200
AAAAAAAAAAAEAAAA	TN	0	100.0000	77.9700	0.0000	57.6900
AAAAAAAAAAAEAAAA		1	100.0000	77.9700	0.0000	57.6900
AAAAAAAAAABAAAAA	TN	0	6.0000	48.8900	13.6100	2.4400
AAAAAAAAAABAAAAA		1	6.0000	48.8900	13.6100	2.4400
AAAAAAAAAACAAAAA	TN	0	62.0000	32.2133	0.0000	5.5067
AAAAAAAAAACAAAAA		1	62.0000	32.2133	0.0000	5.5067
AAAAAAAAAACDAAAA	TN	0	97.0000	161.7800	0.0000	55.0000
AAAAAAAAAACDAAAA		1	97.0000	161.7800	0.0000	55.0000
AAAAAAAAAADBAAAA	TN	0	28.0000	136.0100	575.7600	73.4400
AAAAAAAAAADBAAAA		1	28.0000	136.0100	575.7600	73.4400
AAAAAAAAAADCAAAA	TN	0	64.0000	116.1400	0.0000	108.0100
AAAAAAAAAADCAAAA		1	64.0000	116.1400	0.0000	108.0100
AAAAAAAAAAEBAAAA	TN	0	9.0000	5.4300	0.0000	5.2100
AAAAAAAAAAEBAAAA		1	9.0000	5.4300	0.0000	5.2100
AAAAAAAAAAEDAAAA	TN	0	45.5000	87.6350	0.0000	51.8400
AAAAAAAAAAEDAAAA		1	45.5000	87.6350	0.0000	51.8400
AAAAAAAAAAGBAAAA	TN	0	29.0000	101.9400	0.0000	100.9200
AAAAAAAAAAGBAAAA		1	29.0000	101.9400	0.0000	100.9200
AAAAAAAAAAGCAAAA	TN	0	97.0000	65.2700	0.0000	21.5300
AAAAAAAAAAGCAAAA		1	97.0000	65.2700	0.0000	21.5300
AAAAAAAAAAGEAAAA	TN	0	55.0000	73.8750	0.0000	71.0000
AAAAAAAAAAGEAAAA		1	55.0000	73.8750	0.0000	71.0000
AAAAAAAAAAHAAAAA	TN	0	20.0000	134.3000	0.0000	119.5200
AAAAAAAAAAHAAAAA		1	20.0000	134.3000	0.0000	119.5200
AAAAAAAAAAHBAAAA	TN	0	97.0000	7.4000	0.0000	6.7300
AAAAAAAAAAHBAAAA		1	97.0000	7.4000	0.0000	6.7300
AAAAAAAAAAHDAAAA	TN	0	69.0000	5.6200	0.0000	0.3300
AAAAAAAAAAHDAAAA		1	69.0000	5.6200	0.0000	0.3300
AAAAAAAAAAIAAAAA	TN	0	87.0000	106.9800	0.0000	27.8100
AAAAAAAAAAIAAAAA		1	87.0000	106.9800	0.0000	27.8100
AAAAAAAAAAKBAAAA	TN	0	84.5000	66.1750	847.8350	57.3800
AAAAAAAAAAKBAAAA		1	84.5000	66.1750	847.8350	57.3800
AAAAAAAAAALAAAAA	TN	0	6.0000	32.2800	0.0000	7.4200
AAAAAAAAAALAAAAA		1	6.0000	32.2800	0.0000	7.4200
AAAAAAAAAALCAAAA	TN	0	98.0000	34.3100	55.3000	1.7100
AAAAAAAAAALCAAAA		1	98.0000	34.3100	55.3000	1.7100
AAAAAAAAAALDAAAA	TN	0	59.0000	129.4700	713.9000	22.0000
AAAAAAAAAALDAAAA		1	59.0000	129.4700	713.9000	22.0000
AAAAAAAAAANAAAAA	TN	0	74.0000	60.8750	0.0000	13.2000
AAAAAAAAAANAAAAA		1	74.0000	60.8750	0.0000	13.2000
AAAAAAAAAANBAAAA	TN	0	96.0000	130.7900	1864.5100	129.4800
AAAAAAAAAANBAAAA		1	96.0000	130.7900	1864.5100	129.4800
AAAAAAAAAAOAAAAA	TN	0	85.0000	130.3400	0.0000	122.5100
AAAAAAAAAAOAAAAA		1	85.0000	130.3400	0.0000	122.5100
AAAAAAAAAAOCAAAA	TN	0	14.0000	64.5750	0.0000	33.9750
AAAAAAAAAAOCAAAA		1	14.0000	64.5750	0.0000	33.9750
AAAAAAAAAAODAAAA	TN	0	84.0000	30.5000	0.0000	28.9700
AAAAAAAAAAODAAAA		1	84.0000	30.5000	0.0000	28.9700
AAAAAAAAAAPBAAAA	TN	0	45.0000	118.8900	2380.5950	84.7150
AAAAAAAAAAPBAAAA		1	45.0000	118.8900	2380.5950	84.7150
AAAAAAAAABAAAAAA	TN	0	97.0000	124.7500	0.0000	74.8500
AAAAAAAAABAAAAAA		1	97.0000	124.7500	0.0000	74.8500
AAAAAAAAABABAAAA	TN	0	31.0000	29.9800	17.0900	27.5800
AAAAAAAAABABAAAA		1	31.0000	29.9800	17.0900	27.5800
AAAAAAAAABAEAAAA	TN	0	34.0000	17.2100	0.0000	13.4200
AAAAAAAAABAEAAAA		1	34.0000	17.2100	0.0000	13.4200
AAAAAAAAABCBAAAA	TN	0	38.0000	131.3750	0.0000	52.3200
AAAAAAAAABCBAAAA		1	38.0000	131.3750	0.0000	52.3200
AAAAAAAAABDAAAAA	TN	0	31.5000	68.3450	0.0000	63.2750
AAAAAAAAABDAAAAA		1	31.5000	68.3450	0.0000	63.2750
AAAAAAAAABDBAAAA	TN	0	56.0000	103.8500	1624.1700	59.1900
AAAAAAAAABDBAAAA		1	56.0000	103.8500	1624.1700	59.1900
AAAAAAAAABDDAAAA	TN	0	67.3333	119.4200	23.1867	38.7200
AAAAAAAAABDDAAAA		1	67.3333	119.4200	23.1867	38.7200
AAAAAAAAABDEAAAA	TN	0	61.0000	85.9500	2282.3600	44.6050
AAAAAAAAABDEAAAA		1	61.0000	85.9500	2282.3600	44.6050
AAAAAAAAABEDAAAA	TN	0	61.0000	85.1400	0.0000	50.2300
AAAAAAAAABEDAAAA		1	61.0000	85.1400	0.0000	50.2300
AAAAAAAAABFBAAAA	TN	0	31.0000	23.5500	0.0000	13.6500
AAAAAAAAABFBAAAA		1	31.0000	23.5500	0.0000	13.6500
AAAAAAAAABFCAAAA	TN	0	83.0000	15.5000	0.0000	0.0000
AAAAAAAAABFCAAAA		1	83.0000	15.5000	0.0000	0.0000
AAAAAAAAABGAAAAA	TN	0	64.0000	35.0800	0.0000	3.1500
AAAAAAAAABGAAAAA		1	64.0000	35.0800	0.0000	3.1500
AAAAAAAAABGBAAAA	TN	0	40.0000	25.0700	0.0000	16.0400
AAAAAAAAABGBAAAA		1	40.0000	25.0700	0.0000	16.0400
AAAAAAAAABGEAAAA	TN	0	39.5000	56.7650	14.2550	36.0050
AAAAAAAAABGEAAAA		1	39.5000	56.7650	14.2550	36.0050
AAAAAAAAABHAAAAA	TN	0	93.0000	74.8000	0.0000	21.6900
AAAAAAAAABHAAAAA		1	93.0000	74.8000	0.0000	21.6900
AAAAAAAAABHCAAAA	TN	0	31.5000	79.8350	181.3800	61.9350
AAAAAAAAABHCAAAA		1	31.5000	79.8350	181.3800	61.9350
AAAAAAAAABIBAAAA	TN	0	48.0000	170.8900	0.0000	140.1200
AAAAAAAAABIBAAAA		1	48.0000	170.8900	0.0000	140.1200
AAAAAAAAABJAAAAA	TN	0	46.5000	82.3250	0.0000	44.9850
AAAAAAAAABJAAAAA		1	46.5000	82.3250	0.0000	44.9850
AAAAAAAAABJBAAAA	TN	0	76.0000	12.4000	0.0000	3.9600
AAAAAAAAABJBAAAA		1	76.0000	12.4000	0.0000	3.9600
AAAAAAAAABJDAAAA	TN	0	34.0000	118.5050	0.0000	61.2050
AAAAAAAAABJDAAAA		1	34.0000	118.5050	0.0000	61.2050
AAAAAAAAABKAAAAA	TN	0	65.0000	8.7750	0.0000	5.1800
AAAAAAAAABKAAAAA		1	65.0000	8.7750	0.0000	5.1800
AAAAAAAAABKCAAAA	TN	0	26.0000	51.5700	0.0000	41.2500
AAAAAAAAABKCAAAA		1	26.0000	51.5700	0.0000	41.2500
AAAAAAAAABLBAAAA	TN	0	61.5000	149.1200	0.0000	82.5400
AAAAAAAAABLBAAAA		1	61.5000	149.1200	0.0000	82.5400
AAAAAAAAABMAAAAA	TN	0	14.0000	109.9700	0.0000	10.9900
AAAAAAAAABMAAAAA		1	14.0000	109.9700	0.0000	10.9900
