1	265	1	324.7500	1.2438	1	265	2	329.0000	1.0151
1	363	1	499.5000	1.0319	1	363	2	321.0000	1.1411
1	679	1	373.7500	1.0955	1	679	2	417.5000	1.0429
1	695	1	450.7500	1.0835	1	695	2	368.7500	1.1356
1	789	1	357.2500	1.0345	1	789	2	410.0000	1.0284
1	815	1	216.5000	1.1702	1	815	2	150.5000	1.3057
1	827	1	271.7500	1.1046	1	827	2	424.7500	1.1653
1	1041	1	382.5000	1.2848	1	1041	2	424.7500	1.0005
1	1569	1	212.0000	1.6302	1	1569	2	239.2500	1.2641
1	1623	1	338.2500	1.1285	1	1623	2	261.3333	1.2717
1	2581	1	448.5000	1.0604	1	2581	2	476.2500	1.0362
1	2705	1	246.2500	1.0120	1	2705	2	294.6667	1.0742
1	3131	1	393.7500	1.0037	1	3131	2	480.5000	1.0669
1	3291	1	374.5000	1.1951	1	3291	2	265.2500	1.5729
1	3687	1	279.7500	1.4260	1	3687	2	157.2500	1.4534
1	4955	1	495.2500	1.0318	1	4955	2	322.5000	1.1693
1	5627	1	282.7500	1.5657	1	5627	2	297.5000	1.2084
1	7017	1	175.5000	1.0427	1	7017	2	321.3333	1.0183
1	7317	1	366.3333	1.0254	1	7317	2	378.0000	1.2172
1	7569	1	430.5000	1.0874	1	7569	2	360.2500	1.0470
1	7999	1	166.2500	1.7924	1	7999	2	375.3333	1.0080
1	8319	1	306.7500	1.1615	1	8319	2	276.0000	1.1421
1	8443	1	327.7500	1.2567	1	8443	2	332.5000	1.0044
1	8583	1	319.5000	1.0241	1	8583	2	310.2500	1.2358
1	8591	1	398.0000	1.1478	1	8591	2	355.7500	1.0024
1	8611	1	300.5000	1.5191	1	8611	2	243.7500	1.2342
1	9081	1	367.0000	1.0878	1	9081	2	435.0000	1.0330
1	9357	1	351.6667	1.1902	1	9357	2	427.0000	1.0438
1	9449	1	406.2500	1.0183	1	9449	2	175.0000	1.0544
1	9713	1	242.5000	1.1035	1	9713	2	393.0000	1.2084
1	9809	1	479.0000	1.0189	1	9809	2	317.5000	1.0614
1	9993	1	417.7500	1.0099	1	9993	2	204.5000	1.5528
1	10127	1	239.7500	1.0561	1	10127	2	359.2500	1.1857
1	11159	1	407.2500	1.0785	1	11159	2	250.0000	1.3347
1	11277	1	211.2500	1.2615	1	11277	2	330.7500	1.0808
1	11937	1	344.5000	1.0858	1	11937	2	200.3333	1.0638
1	12373	1	387.7500	1.1014	1	12373	2	306.0000	1.0761
1	12471	1	365.2500	1.0607	1	12471	2	327.2500	1.0547
1	12625	1	279.0000	1.3016	1	12625	2	443.2500	1.0604
1	12751	1	280.7500	1.1083	1	12751	2	369.3333	1.3416
1	12779	1	331.0000	1.0416	1	12779	2	359.0000	1.0289
1	13077	1	367.6667	1.3455	1	13077	2	358.6667	1.5132
1	13191	1	260.2500	1.0635	1	13191	2	405.0000	1.0198
1	13561	1	335.2500	1.2609	1	13561	2	240.0000	1.0513
1	13935	1	311.7500	1.0399	1	13935	2	275.0000	1.0367
1	14687	1	358.0000	1.4369	1	14687	2	187.0000	1.5493
1	14719	1	209.0000	1.0411	1	14719	2	489.0000	1.3766
1	15345	1	148.5000	1.5295	1	15345	2	246.5000	1.5087
1	15427	1	482.7500	1.0124	1	15427	2	333.2500	1.2724
1	15647	1	201.6667	1.2857	1	15647	2	249.2500	1.3648
1	16079	1	280.5000	1.2444	1	16079	2	361.2500	1.0737
1	16223	1	245.6667	1.0601	1	16223	2	412.6667	1.0671
1	16289	1	171.0000	1.0872	1	16289	2	316.5000	1.3695
1	16451	1	300.0000	1.2516	1	16451	2	467.5000	1.2962
1	17051	1	349.7500	1.1346	1	17051	2	319.7500	1.0379
2	71	1	221.5000	1.5639	2	71	2	309.0000	1.4917
2	833	1	363.3333	1.0422	2	833	2	158.7500	1.2130
2	969	1	282.0000	1.1374	2	969	2	386.0000	1.1371
2	1401	1	249.0000	1.3206	2	1401	2	296.6667	1.2868
2	1681	1	337.7500	1.0521	2	1681	2	252.7500	1.0317
2	1991	1	356.0000	1.1336	2	1991	2	273.2500	1.3324
2	2031	1	407.5000	1.0209	2	2031	2	418.7500	1.0053
2	2481	1	319.7500	1.1160	2	2481	2	378.3333	1.0597
2	2725	1	349.7500	1.1148	2	2725	2	265.6667	1.5462
2	3073	1	385.0000	1.1020	2	3073	2	231.7500	1.0884
2	3769	1	334.0000	1.1954	2	3769	2	335.0000	1.0494
2	4085	1	327.7500	1.1005	2	4085	2	281.7500	1.0187
2	4995	1	282.2500	1.2604	2	4995	2	248.0000	1.2548
2	5099	1	418.6667	1.0680	2	5099	2	428.6667	1.0352
2	5211	1	157.0000	1.0695	2	5211	2	270.2500	1.1940
2	5769	1	341.2500	1.2723	2	5769	2	267.0000	1.1815
2	6103	1	194.3333	1.5160	2	6103	2	158.5000	1.2743
2	6243	1	168.5000	1.0732	2	6243	2	386.7500	1.0832
2	6489	1	268.0000	1.6956	2	6489	2	389.0000	1.4105
2	6585	1	183.7500	1.1151	2	6585	2	353.7500	1.0939
2	6767	1	341.0000	1.0931	2	6767	2	235.0000	1.1399
2	7411	1	460.0000	1.0628	2	7411	2	297.5000	1.0005
2	8489	1	126.7500	1.3416	2	8489	2	398.2500	1.0041
2	8633	1	218.5000	1.4645	2	8633	2	230.2500	1.3116
2	8807	1	417.2500	1.0258	2	8807	2	356.2500	1.1079
2	8883	1	249.2500	1.1112	2	8883	2	189.2500	1.0100
2	9253	1	413.3333	1.1606	2	9253	2	465.0000	1.0242
2	9467	1	108.2500	1.0911	2	9467	2	107.0000	1.0309
2	9561	1	190.5000	1.0303	2	9561	2	271.0000	1.2058
2	9575	1	452.5000	1.0494	2	9575	2	155.7500	1.1534
2	9903	1	322.7500	1.0761	2	9903	2	387.3333	1.2612
2	10535	1	324.3333	1.0571	2	10535	2	310.2500	1.0040
2	10955	1	356.0000	1.1582	2	10955	2	339.0000	1.0702
2	12089	1	212.0000	1.0827	2	12089	2	173.3333	1.0739
2	12633	1	402.7500	1.0071	2	12633	2	367.0000	1.1270
2	12765	1	308.0000	1.1188	2	12765	2	347.0000	1.1571
2	13077	1	277.0000	1.2323	2	13077	2	223.5000	1.1394
2	13687	1	361.2500	1.0107	2	13687	2	468.2500	1.0098
2	14025	1	371.7500	1.0150	2	14025	2	141.0000	1.2543
2	14117	1	298.5000	1.0251	2	14117	2	220.2500	1.4152
2	14347	1	366.0000	1.0327	2	14347	2	369.7500	1.0185
2	14697	1	397.7500	1.0081	2	14697	2	328.7500	1.1608
2	14987	1	146.7500	1.0290	2	14987	2	436.5000	1.0447
2	15321	1	527.0000	1.2102	2	15321	2	298.7500	1.1309
2	15347	1	243.0000	1.2226	2	15347	2	310.7500	1.2036
2	15533	1	223.0000	1.0965	2	15533	2	330.0000	1.4967
2	15839	1	353.0000	1.5063	2	15839	2	255.5000	1.2362
2	16107	1	376.0000	1.0133	2	16107	2	364.7500	1.0688
2	16749	1	200.0000	1.0944	2	16749	2	438.2500	1.0360
2	17329	1	321.3333	1.3093	2	17329	2	490.2500	1.0756
2	17417	1	321.7500	1.1306	2	17417	2	534.0000	1.0010
3	1049	1	252.5000	1.1090	3	1049	2	457.2500	1.0239
3	1415	1	247.5000	1.1321	3	1415	2	369.7500	1.0954
3	2199	1	185.7500	1.2028	3	2199	2	300.7500	1.0767
3	2403	1	270.7500	1.3258	3	2403	2	384.0000	1.0903
3	2541	1	364.7500	1.0792	3	2541	2	550.5000	1.0545
3	2727	1	303.7500	1.0301	3	2727	2	219.2500	1.3822
3	3207	1	383.7500	1.0854	3	3207	2	258.2500	1.2113
3	3373	1	404.5000	1.0143	3	3373	2	171.2500	1.2856
3	3969	1	234.2500	1.0422	3	3969	2	217.2500	1.4215
3	4407	1	438.5000	1.0656	3	4407	2	330.7500	1.0244
3	6051	1	289.7500	1.2638	3	6051	2	439.0000	1.1045
3	6521	1	381.0000	1.0015	3	6521	2	437.7500	1.0365
3	6691	1	377.0000	1.1090	3	6691	2	380.5000	1.0581
3	6757	1	282.5000	1.0895	3	6757	2	345.2500	1.2263
3	6915	1	420.6667	1.0468	3	6915	2	292.5000	1.2506
3	7207	1	329.6667	1.5954	3	7207	2	414.5000	1.0179
3	7889	1	318.5000	1.2879	3	7889	2	291.3333	1.0042
3	8559	1	356.2500	1.0065	3	8559	2	393.5000	1.0128
3	8829	1	364.2500	1.0792	3	8829	2	350.2500	1.1133
3	9555	1	377.0000	1.1308	3	9555	2	444.7500	1.0171
3	9623	1	331.3333	1.1551	3	9623	2	284.6667	1.0303
3	9813	1	343.7500	1.0516	3	9813	2	384.6667	1.0815
3	9881	1	351.5000	1.1788	3	9881	2	287.7500	1.0909
3	10035	1	378.2500	1.0216	3	10035	2	364.2500	1.1567
3	10509	1	420.2500	1.0548	3	10509	2	368.2500	1.1820
3	10547	1	182.3333	1.5325	3	10547	2	320.2500	1.3024
3	10743	1	233.2500	1.2793	3	10743	2	110.2500	1.1072
3	11477	1	264.2500	1.0953	3	11477	2	278.5000	1.0327
3	11959	1	358.0000	1.0684	3	11959	2	268.5000	1.0089
3	12043	1	169.2500	1.0330	3	12043	2	377.2500	1.0161
3	12157	1	326.3333	1.0022	3	12157	2	396.3333	1.0287
3	12433	1	199.7500	1.3072	3	12433	2	478.5000	1.0164
3	12867	1	278.2500	1.6403	3	12867	2	350.7500	1.2006
3	13499	1	281.0000	1.1431	3	13499	2	446.7500	1.0331
3	14589	1	266.5000	1.1143	3	14589	2	334.3333	1.1453
3	15207	1	300.2500	1.4844	3	15207	2	564.0000	1.0004
3	15395	1	258.2500	1.0513	3	15395	2	307.5000	1.1382
3	15973	1	477.5000	1.2039	3	15973	2	286.0000	1.2872
3	16233	1	260.6667	1.1204	3	16233	2	210.5000	1.1788
3	16267	1	456.0000	1.0042	3	16267	2	364.3333	1.4818
3	16605	1	394.2500	1.1137	3	16605	2	296.2500	1.2885
3	16949	1	155.7500	1.1186	3	16949	2	229.5000	1.0289
3	17319	1	364.7500	1.2709	3	17319	2	359.2500	1.1578
4	947	1	247.5000	1.6933	4	947	2	203.3333	1.2054
4	1895	1	354.7500	1.2397	4	1895	2	383.7500	1.0893
4	3429	1	358.5000	1.0665	4	3429	2	346.0000	1.2519
4	4559	1	215.0000	1.2432	4	4559	2	360.7500	1.0333
4	4773	1	328.2500	1.0509	4	4773	2	330.5000	1.0062
4	4885	1	151.0000	1.3205	4	4885	2	377.2500	1.0489
4	4915	1	289.2500	1.0863	4	4915	2	368.0000	1.0696
4	5043	1	476.0000	1.0155	4	5043	2	244.2500	1.3562
4	5095	1	334.0000	1.2258	4	5095	2	390.2500	1.0621
4	5193	1	263.3333	1.2501	4	5193	2	323.0000	1.0979
4	5975	1	434.0000	1.0233	4	5975	2	359.7500	1.1979
4	6251	1	285.0000	1.1215	4	6251	2	335.5000	1.1602
4	6389	1	280.7500	1.2049	4	6389	2	259.3333	1.4816
4	6487	1	452.7500	1.0710	4	6487	2	350.5000	1.1716
4	6619	1	430.0000	1.0007	4	6619	2	226.2500	1.5485
4	7191	1	260.7500	1.0012	4	7191	2	195.2500	1.5372
4	7427	1	239.5000	1.4183	4	7427	2	373.2500	1.0429
4	8453	1	314.7500	1.0259	4	8453	2	376.7500	1.0099
4	8781	1	518.5000	1.1005	4	8781	2	521.0000	1.1237
4	9571	1	314.0000	1.2168	4	9571	2	309.0000	1.0892
4	9587	1	248.0000	1.4981	4	9587	2	248.0000	1.0064
4	10333	1	321.0000	1.1486	4	10333	2	317.0000	1.0469
4	10969	1	186.6667	1.1044	4	10969	2	307.0000	1.1094
4	10993	1	446.0000	1.0092	4	10993	2	206.6667	1.2355
4	11571	1	342.5000	1.1426	4	11571	2	304.6667	1.0319
4	11979	1	225.3333	1.4670	4	11979	2	438.2500	1.1389
4	13409	1	312.3333	1.3427	4	13409	2	336.2500	1.1081
4	13443	1	417.7500	1.0217	4	13443	2	334.0000	1.3076
4	13567	1	271.5000	1.0087	4	13567	2	370.0000	1.4557
4	13683	1	318.7500	1.0149	4	13683	2	363.5000	1.0781
4	14143	1	367.0000	1.0441	4	14143	2	290.0000	1.1933
4	14401	1	342.7500	1.1836	4	14401	2	344.2500	1.2067
4	14693	1	447.2500	1.0516	4	14693	2	498.0000	1.3517
4	14877	1	414.3333	1.1707	4	14877	2	282.5000	1.5830
4	15063	1	378.2500	1.1128	4	15063	2	444.0000	1.0632
4	15275	1	335.5000	1.1536	4	15275	2	292.6667	1.2978
4	15509	1	296.3333	1.0246	4	15509	2	317.6667	1.4470
4	15969	1	423.0000	1.0472	4	15969	2	342.5000	1.2511
4	16627	1	485.5000	1.0151	4	16627	2	161.2500	1.3533
4	16641	1	521.5000	1.1050	4	16641	2	221.5000	1.0308
4	16751	1	549.5000	1.0822	4	16751	2	223.3333	1.3377
5	75	1	333.0000	1.2656	5	75	2	226.0000	1.0358
5	125	1	441.6667	1.0959	5	125	2	331.5000	1.0081
5	431	1	159.0000	1.1061	5	431	2	304.0000	1.1224
5	671	1	403.3333	1.0056	5	671	2	281.3333	1.3366
5	745	1	466.7500	1.0109	5	745	2	351.0000	1.1147
5	1701	1	374.0000	1.0864	5	1701	2	385.0000	1.3306
5	2521	1	360.7500	1.0992	5	2521	2	265.5000	1.1724
5	2855	1	406.0000	1.4037	5	2855	2	183.2500	1.0662
5	3137	1	271.2500	1.5754	5	3137	2	380.0000	1.0834
5	3279	1	299.5000	1.0536	5	3279	2	276.7500	1.4458
5	3467	1	294.0000	1.1477	5	3467	2	349.6667	1.1674
5	4463	1	338.0000	1.0699	5	4463	2	273.5000	1.2369
5	4719	1	340.5000	1.0571	5	4719	2	423.6667	1.0254
5	4739	1	281.3333	1.0242	5	4739	2	383.5000	1.0334
5	4839	1	310.2500	1.0359	5	4839	2	232.0000	1.2954
5	4979	1	359.5000	1.1046	5	4979	2	323.7500	1.1704
5	5401	1	219.2500	1.2773	5	5401	2	203.0000	1.0915
5	5635	1	370.0000	1.0227	5	5635	2	351.6667	1.3777
5	5797	1	403.0000	1.0234	5	5797	2	457.5000	1.0037
5	5901	1	360.2500	1.1259	5	5901	2	376.0000	1.0095
5	6129	1	419.2500	1.0169	5	6129	2	359.5000	1.0478
5	6213	1	351.6667	1.2056	5	6213	2	361.5000	1.1168
5	6479	1	301.3333	1.2780	5	6479	2	395.7500	1.1779
5	7333	1	227.0000	1.4611	5	7333	2	243.7500	1.1789
5	7923	1	358.0000	1.1046	5	7923	2	342.3333	1.1607
5	8737	1	217.2500	1.0742	5	8737	2	403.5000	1.0442
5	8945	1	344.2500	1.1414	5	8945	2	298.0000	1.0008
5	8993	1	399.0000	1.1873	5	8993	2	371.7500	1.1316
5	10667	1	288.0000	1.3453	5	10667	2	289.5000	1.0952
5	10771	1	394.7500	1.0480	5	10771	2	323.2500	1.2377
5	10949	1	383.0000	1.1125	5	10949	2	378.2500	1.1255
5	11107	1	446.5000	1.2653	5	11107	2	258.5000	1.5536
5	11795	1	395.5000	1.0104	5	11795	2	430.7500	1.1310
5	12017	1	347.7500	1.1682	5	12017	2	308.0000	1.1593
5	12027	1	456.2500	1.0262	5	12027	2	390.3333	1.1142
5	13583	1	430.3333	1.0423	5	13583	2	256.2500	1.5410
5	13651	1	272.3333	1.1695	5	13651	2	330.5000	1.1901
5	13783	1	419.5000	1.0584	5	13783	2	339.5000	1.0680
5	13859	1	318.0000	1.1422	5	13859	2	380.2500	1.0564
5	14537	1	206.0000	1.2283	5	14537	2	357.7500	1.0387
5	15309	1	276.3333	1.2987	5	15309	2	409.0000	1.0102
5	15883	1	385.3333	1.0124	5	15883	2	173.2500	1.3562
5	15935	1	293.5000	1.0187	5	15935	2	271.2500	1.4000
5	15949	1	241.5000	1.1486	5	15949	2	235.0000	1.4072
5	16037	1	327.2500	1.1307	5	16037	2	412.6667	1.1830
5	16291	1	380.5000	1.0549	5	16291	2	411.6667	1.0349
5	16459	1	370.0000	1.2756	5	16459	2	265.7500	1.2988
5	16901	1	305.2500	1.1043	5	16901	2	186.5000	1.0231
5	17199	1	376.5000	1.1038	5	17199	2	374.0000	1.0873
5	17387	1	298.3333	1.3848	5	17387	2	327.6667	1.3670
5	17717	1	283.7500	1.1557	5	17717	2	235.2500	1.1416
5	17927	1	217.5000	1.3549	5	17927	2	250.7500	1.0709
5	17943	1	209.7500	1.3717	5	17943	2	428.0000	1.1090
