1	1569	1	212.0000	1.6302	1	1569	2	239.2500	1.2641
1	5627	1	282.7500	1.5657	1	5627	2	297.5000	1.2084
1	7999	1	166.2500	1.7924	1	7999	2	375.3333	1.0080
1	8611	1	300.5000	1.5191	1	8611	2	243.7500	1.2342
1	15345	1	148.5000	1.5295	1	15345	2	246.5000	1.5087
2	71	1	221.5000	1.5639	2	71	2	309.0000	1.4917
2	6103	1	194.3333	1.5160	2	6103	2	158.5000	1.2743
2	6489	1	268.0000	1.6956	2	6489	2	389.0000	1.4105
2	15839	1	353.0000	1.5063	2	15839	2	255.5000	1.2362
3	7207	1	329.6667	1.5954	3	7207	2	414.5000	1.0179
3	10547	1	182.3333	1.5325	3	10547	2	320.2500	1.3024
3	12867	1	278.2500	1.6403	3	12867	2	350.7500	1.2006
4	947	1	247.5000	1.6933	4	947	2	203.3333	1.2054
5	3137	1	271.2500	1.5754	5	3137	2	380.0000	1.0834
