AAAAAAAAANECAAAA	34	18.5800	9	4.9100	18	9.8300	20.3
AAAAAAAACAOBAAAA	27	11.6800	38	16.4500	12	5.1900	25.6
AAAAAAAACBNDAAAA	38	11.6200	52	15.9000	19	5.8100	36.3
AAAAAAAACCGAAAAA	30	15.1500	18	9.0900	18	9.0900	22.0
AAAAAAAACKBDAAAA	32	12.7000	22	8.7300	30	11.9000	28.0
AAAAAAAACOIBAAAA	31	8.0700	29	7.5500	68	17.7100	42.6
AAAAAAAAEBLDAAAA	9	3.7000	34	13.9900	38	15.6300	27.0
AAAAAAAAELFDAAAA	54	20.2200	4	1.4900	31	11.6100	29.6
AAAAAAAAFEBAAAAA	19	15.4400	17	13.8200	5	4.0600	13.6
AAAAAAAAFODDAAAA	30	11.4900	7	2.6800	50	19.1500	29.0
AAAAAAAAGLMCAAAA	37	26.8100	3	2.1700	6	4.3400	15.3
AAAAAAAAHAGDAAAA	16	8.3300	15	7.8100	33	17.1800	21.3
AAAAAAAAHCDEAAAA	41	19.2500	1	0.4700	29	13.6100	23.6
AAAAAAAALAEBAAAA	19	6.9600	21	7.6900	51	18.6800	30.3
AAAAAAAAMBDEAAAA	26	6.3700	66	16.1700	44	10.7800	45.3
AAAAAAAAMBGBAAAA	5	5.0500	1	1.0100	27	27.2700	11.0
AAAAAAAAMDODAAAA	17	10.8900	32	20.5100	3	1.9200	17.3
AAAAAAAAMOIAAAAA	84	25.4500	12	3.6300	14	4.2400	36.6
AAAAAAAANMAAAAAA	12	25.0000	1	2.0800	3	6.2500	5.3
AAAAAAAAODOAAAAA	5	4.3800	3	2.6300	30	26.3100	12.6
AAAAAAAAPJOCAAAA	29	15.3400	21	11.1100	13	6.8700	21.0
