				674173362.5100	155629
catalog				237410857.4700	46322
catalog	1001001			1697729.0200	347
catalog	1001001	1		855204.2400	167
catalog	1001001	1	1	115019.6100	20
catalog	1001001	1	2	146344.4700	27
catalog	1001001	1	3	22597.1900	3
catalog	1001001	1	4	107555.4300	23
catalog	1001001	1	5	122521.3100	25
catalog	1001001	1	6	16883.9700	3
catalog	1001001	1	7	46329.7800	9
catalog	1001001	1	8	77861.8500	13
catalog	1001001	1	9	99985.3500	21
catalog	1001001	1	10	100105.2800	23
catalog	1001001	2		125167.2200	24
catalog	1001001	2	2	43967.9700	7
catalog	1001001	2	3	68565.3800	14
catalog	1001001	2	5	12633.8700	3
catalog	1001001	3		198685.0800	43
catalog	1001001	3	1	11100.7900	5
catalog	1001001	3	2	60551.6400	14
catalog	1001001	3	4	28455.2300	4
catalog	1001001	3	6	36821.6100	7
catalog	1001001	3	7	17250.8200	6
catalog	1001001	3	8	14426.9200	4
catalog	1001001	3	9	30078.0700	3
catalog	1001001	4		109585.9700	31
catalog	1001001	4	2	45473.8500	13
catalog	1001001	4	3	16558.9200	8
catalog	1001001	4	4	47553.2000	10
catalog	1001001	5		59790.6100	17
catalog	1001001	5	9	30112.1100	12
catalog	1001001	5	10	29678.5000	5
catalog	1001001	6		10261.8200	3
catalog	1001001	6	9	10261.8200	3
catalog	1001001	7		18244.9400	3
catalog	1001001	7	7	18244.9400	3
catalog	1001001	8		55768.4600	13
catalog	1001001	8	7	28872.4900	7
catalog	1001001	8	10	26895.9700	6
catalog	1001001	9		30944.1900	5
catalog	1001001	9	6	30944.1900	5
catalog	1001001	11		82810.8700	12
catalog	1001001	11	9	82810.8700	12
catalog	1001001	12		38427.5200	9
catalog	1001001	12	10	38427.5200	9
catalog	1001001	15		112838.1000	20
catalog	1001001	15	9	53508.7900	7
catalog	1001001	15	10	59329.3100	13
catalog	1001002			3527831.3300	706
catalog	1001002	1		2673969.8900	530
catalog	1001002	1	1	2673969.8900	530
catalog	1001002	2		140831.9100	29
catalog	1001002	2	1	140831.9100	29
catalog	1001002	3		320175.8700	67
catalog	1001002	3	1	320175.8700	67
catalog	1001002	4		133287.9600	21
catalog	1001002	4	1	133287.9600	21
catalog	1001002	5		16606.9000	9
catalog	1001002	5	1	16606.9000	9
catalog	1001002	6		15133.0100	4
catalog	1001002	6	1	15133.0100	4
catalog	1001002	7		24471.2600	10
catalog	1001002	7	1	24471.2600	10
catalog	1001002	8		63773.0500	12
catalog	1001002	8	1	63773.0500	12
catalog	1001002	9		9167.1900	3
catalog	1001002	9	1	9167.1900	3
catalog	1001002	12		29108.4200	7
catalog	1001002	12	1	29108.4200	7
catalog	1001002	15		31143.4500	6
catalog	1001002	15	1	31143.4500	6
catalog	1001002	16		70162.4200	8
catalog	1001002	16	1	70162.4200	8
catalog	1002001			2114110.7200	380
catalog	1002001	1		348693.9700	55
catalog	1002001	1	1	76392.1300	14
catalog	1002001	1	2	118394.3300	21
catalog	1002001	1	4	29395.7900	5
catalog	1002001	1	5	35541.9700	4
catalog	1002001	1	6	26104.3600	3
catalog	1002001	1	9	18793.9700	4
catalog	1002001	1	10	44071.4200	4
catalog	1002001	2		1233961.7000	225
catalog	1002001	2	1	239511.0200	51
catalog	1002001	2	2	147993.1400	26
catalog	1002001	2	3	100086.9300	17
catalog	1002001	2	4	53524.4200	13
catalog	1002001	2	5	48494.0600	10
catalog	1002001	2	6	142857.0400	20
catalog	1002001	2	7	116557.9800	16
catalog	1002001	2	8	92743.9300	24
catalog	1002001	2	9	203943.9900	38
catalog	1002001	2	10	88249.1900	10
catalog	1002001	3		91054.3200	17
catalog	1002001	3	2	25171.1300	6
catalog	1002001	3	7	27766.7000	3
catalog	1002001	3	8	38116.4900	8
catalog	1002001	4		182427.6900	32
catalog	1002001	4	1	66896.6800	15
