838	2000-01-01	53.04	21.85	53.04	21.85
1108	2000-01-01	7.62	5.24	7.62	5.24
2056	2000-01-01	63.57	52.89	63.57	52.89
2326	2000-01-01	65.84	50.62	65.84	50.62
2416	2000-01-01	49.32	3.72	49.32	3.72
2668	2000-01-01	125.15	13.57	125.15	13.57
2698	2000-01-01	78.47	9.20	78.47	9.20
3640	2000-01-01	66.24	35.97	66.24	35.97
3688	2000-01-01	51.19	23.02	51.19	23.02
3742	2000-01-01	35.89	30.03	35.89	30.03
3934	2000-01-01	30.92	16.06	30.92	16.06
4036	2000-01-01	69.34	7.35	69.34	7.35
4186	2000-01-01	101.83	1.79	101.83	1.79
4246	2000-01-01	38.84	20.04	38.84	20.04
4804	2000-01-01	88.18	26.65	88.18	26.65
4841	2000-03-11	1462.59		1462.59	1402.64
4841	2000-03-28	1422.11		1462.59	1402.64
4841	2000-04-05		1333.21	1462.59	1402.64
4841	2000-05-05		1317.80	1462.59	1402.64
4841	2000-05-25		1309.04	1462.59	1402.64
4841	2000-05-31	1393.98		1462.59	1402.64
4841	2000-06-07	1340.23	1235.04	1462.59	1402.64
4841	2000-06-12		1142.40	1462.59	1402.64
4841	2000-06-29	1219.99		1462.59	1402.64
4841	2000-07-03		1088.87	1462.59	1402.64
4841	2000-07-04	1184.00		1462.59	1402.64
4841	2000-07-07		1011.56	1462.59	1402.64
4841	2000-07-12		992.62	1462.59	1402.64
4841	2000-07-16	1127.38		1462.59	1402.64
4841	2000-07-22	1059.58		1462.59	1402.64
4841	2000-07-24	1057.98		1462.59	1402.64
4841	2000-07-30	949.33		1462.59	1402.64
4841	2000-08-02		929.66	1462.59	1402.64
4841	2000-08-08		891.34	1462.59	1402.64
4841	2000-08-14		840.96	1462.59	1402.64
4841	2000-08-17		815.34	1462.59	1402.64
4841	2000-08-22		744.53	1462.59	1402.64
4841	2000-08-23	938.13		1462.59	1402.64
4841	2000-08-25	758.37	744.28	1462.59	1402.64
4841	2000-08-28		728.62	1462.59	1402.64
4841	2000-08-29	635.02		1462.59	1402.64
4841	2000-09-06		665.42	1462.59	1402.64
4841	2000-09-08		665.42	1462.59	1402.64
4841	2000-09-12		658.54	1462.59	1402.64
4841	2000-09-13		657.46	1462.59	1402.64
4841	2000-09-14		628.76	1462.59	1402.64
4841	2000-09-16		562.57	1462.59	1402.64
4841	2000-09-22		527.74	1462.59	1402.64
4841	2000-09-24		503.23	1462.59	1402.64
4841	2000-09-26	558.63		1462.59	1402.64
4841	2000-10-05		487.02	1462.59	1402.64
4841	2000-10-08	301.46		1462.59	1402.64
4841	2000-10-10		466.41	1462.59	1402.64
4841	2000-10-12		370.37	1462.59	1402.64
4841	2000-10-15		274.47	1462.59	1402.64
4841	2000-10-26		267.68	1462.59	1402.64
4841	2000-10-28	298.98		1462.59	1402.64
4841	2000-11-05		259.89	1462.59	1402.64
4841	2000-11-07		226.50	1462.59	1402.64
4841	2000-11-09		186.73	1462.59	1402.64
4841	2000-11-12		140.40	1462.59	1402.64
4841	2000-11-21	266.80		1462.59	1402.64
4841	2000-11-30		139.52	1462.59	1402.64
4841	2000-12-04		138.27	1462.59	1402.64
4841	2000-12-09		66.81	1462.59	1402.64
4841	2000-12-20	235.62		1462.59	1402.64
4841	2000-12-21		27.57	1462.59	1402.64
4841	2000-12-23		22.95	1462.59	1402.64
5380	2000-01-01	79.53	48.33	79.53	48.33
5416	2000-01-01	67.92	26.93	67.92	26.93
6154	2000-01-01	67.22	7.70	67.22	7.70
6526	2000-01-01	11.22	4.88	11.22	4.88
6983	2000-01-16	2283.25		2283.25	2240.58
6983	2000-01-20		2201.01	2283.25	2240.58
6983	2000-01-27	2261.91		2283.25	2240.58
6983	2000-02-01		2137.05	2283.25	2240.58
6983	2000-03-23		2137.05	2283.25	2240.58
6983	2000-03-31		2126.35	2283.25	2240.58
6983	2000-04-02		1968.34	2283.25	2240.58
6983	2000-04-03	2209.66		2283.25	2240.58
6983	2000-04-12		1957.40	2283.25	2240.58
6983	2000-04-13		1921.18	2283.25	2240.58
6983	2000-04-18	2097.42		2283.25	2240.58
6983	2000-05-04	2011.08		2283.25	2240.58
6983	2000-05-09		1876.80	2283.25	2240.58
6983	2000-05-12		1838.60	2283.25	2240.58
6983	2000-05-18		1801.38	2283.25	2240.58
6983	2000-05-20		1758.29	2283.25	2240.58
6983	2000-05-29	1995.11		2283.25	2240.58
6983	2000-06-01		1758.29	2283.25	2240.58
6983	2000-06-08	1977.81		2283.25	2240.58
6983	2000-06-10		1754.34	2283.25	2240.58
6983	2000-06-16		1752.39	2283.25	2240.58
6983	2000-06-17	1938.33		2283.25	2240.58
6983	2000-06-20	1771.15		2283.25	2240.58
6983	2000-07-17	1691.26		2283.25	2240.58
6983	2000-07-19		1736.87	2283.25	2240.58
6983	2000-07-25		1721.32	2283.25	2240.58
6983	2000-07-30		1661.89	2283.25	2240.58
6983	2000-08-02		1643.24	2283.25	2240.58
