able	AAAAAAAACAAAAAAA	5271	1.362	3.086	0.322	0.480	1.141	0.759	1.845
able	AAAAAAAACAAAAAAA	5271	1.362	3.086	0.322	0.480	1.141	0.759	1.845
able	AAAAAAAACAAAAAAA	5271	1.362	3.086	0.322	0.480	1.141	0.759	1.845
able	AAAAAAAACAAAAAAA	5271	1.362	3.086	0.322	0.480	1.141	0.759	1.845
able	AAAAAAAACAAAAAAA	5271	1.362	3.086	0.322	0.480	1.141	0.759	1.845
able	AAAAAAAACAAAAAAA	5271	1.362	3.086	0.322	0.480	1.141	0.759	1.845
able	AAAAAAAACAAAAAAA	5271	1.362	3.086	0.322	0.480	1.141	0.759	1.845
able	AAAAAAAACAAAAAAA	5271	1.362	3.086	0.322	0.480	1.141	0.759	1.845
able	AAAAAAAACAAAAAAA	5271	1.362	3.086	0.322	0.480	1.141	0.759	1.845
able	AAAAAAAACAAAAAAA	5271	1.362	3.086	0.322	0.480	1.141	0.759	1.845
able	AAAAAAAACAAAAAAA	5271	1.362	3.086	0.322	0.480	1.141	0.759	1.845
able	AAAAAAAACAAAAAAA	5271	1.362	3.086	0.322	0.480	1.141	0.759	1.845
able	AAAAAAAACAAAAAAA	5271	1.362	3.086	0.322	0.480	1.141	0.759	1.845
able	AAAAAAAACAAAAAAA	5271	1.362	3.086	0.322	0.480	1.141	0.759	1.845
able	AAAAAAAACAAAAAAA	5271	1.362	3.086	0.322	0.480	1.141	0.759	1.845
able	AAAAAAAACAAAAAAA	5271	1.362	3.086	0.322	0.480	1.141	0.759	1.845
able	AAAAAAAACAAAAAAA	5271	1.362	3.086	0.322	0.480	1.141	0.759	1.845
able	AAAAAAAACAAAAAAA	5271	1.362	3.086	0.322	0.480	1.141	0.759	1.845
able	AAAAAAAACAAAAAAA	5271	1.362	3.086	0.322	0.480	1.141	0.759	1.845
able	AAAAAAAACAAAAAAA	5271	1.362	3.086	0.322	0.480	1.141	0.759	1.845
able	AAAAAAAACAAAAAAA	5271	1.362	3.086	0.322	0.480	1.141	0.759	1.845
able	AAAAAAAACAAAAAAA	5271	1.362	3.086	0.322	0.480	1.141	0.759	1.845
able	AAAAAAAACAAAAAAA	5271	1.362	3.086	0.322	0.480	1.141	0.759	1.845
able	AAAAAAAACAAAAAAA	5271	1.362	3.086	0.322	0.480	1.141	0.759	1.845
able	AAAAAAAACAAAAAAA	5271	1.362	3.086	0.322	0.480	1.141	0.759	1.845
able	AAAAAAAACAAAAAAA	5271	1.362	3.086	0.322	0.480	1.141	0.759	1.845
able	AAAAAAAACAAAAAAA	5271	1.362	3.086	0.322	0.480	1.141	0.759	1.845
able	AAAAAAAACAAAAAAA	5271	1.362	3.086	0.322	0.480	1.141	0.759	1.845
able	AAAAAAAACAAAAAAA	5271	1.362	3.086	0.322	0.480	1.141	0.759	1.845
able	AAAAAAAACAAAAAAA	5271	1.362	3.086	0.322	0.480	1.141	0.759	1.845
able	AAAAAAAACAAAAAAA	5271	1.362	3.086	0.322	0.480	1.141	0.759	1.845
able	AAAAAAAACAAAAAAA	5271	1.362	3.086	0.322	0.480	1.141	0.759	1.845
able	AAAAAAAACAAAAAAA	5271	1.362	3.086	0.322	0.480	1.141	0.759	1.845
able	AAAAAAAACAAAAAAA	5271	1.362	3.086	0.322	0.480	1.141	0.759	1.845
able	AAAAAAAACAAAAAAA	5271	1.362	3.086	0.322	0.480	1.141	0.759	1.845
able	AAAAAAAACAAAAAAA	5271	1.362	3.086	0.322	0.480	1.141	0.759	1.845
able	AAAAAAAACAAAAAAA	5271	1.362	3.086	0.322	0.480	1.141	0.759	1.845
able	AAAAAAAACAAAAAAA	5271	1.362	3.086	0.322	0.480	1.141	0.759	1.845
able	AAAAAAAACAAAAAAA	5271	1.362	3.086	0.322	0.480	1.141	0.759	1.845
able	AAAAAAAACAAAAAAA	5271	1.362	3.086	0.322	0.480	1.141	0.759	1.845
able	AAAAAAAACAAAAAAA	5271	1.362	3.086	0.322	0.480	1.141	0.759	1.845
able	AAAAAAAACAAAAAAA	5271	1.362	3.086	0.322	0.480	1.141	0.759	1.845
able	AAAAAAAACAAAAAAA	5271	1.362	3.086	0.322	0.480	1.141	0.759	1.845
able	AAAAAAAACAAAAAAA	5271	1.362	3.086	0.322	0.480	1.141	0.759	1.845
able	AAAAAAAACAAAAAAA	5271	1.362	3.086	0.322	0.480	1.141	0.759	1.845
able	AAAAAAAACAAAAAAA	5271	1.362	3.086	0.322	0.480	1.141	0.759	1.845
able	AAAAAAAACAAAAAAA	5271	1.362	3.086	0.322	0.480	1.141	0.759	1.845
able	AAAAAAAACAAAAAAA	5271	1.362	3.086	0.322	0.480	1.141	0.759	1.845
able	AAAAAAAACAAAAAAA	5271	1.362	3.086	0.322	0.480	1.141	0.759	1.845
able	AAAAAAAACAAAAAAA	5272	1.096	0.758	0.680	0.987	1.003	1.333	0.992
able	AAAAAAAACAAAAAAA	5272	1.096	0.758	0.680	0.987	1.003	1.333	0.992
able	AAAAAAAACAAAAAAA	5272	1.096	0.758	0.680	0.987	1.003	1.333	0.992
able	AAAAAAAACAAAAAAA	5272	1.096	0.758	0.680	0.987	1.003	1.333	0.992
able	AAAAAAAACAAAAAAA	5272	1.096	0.758	0.680	0.987	1.003	1.333	0.992
able	AAAAAAAACAAAAAAA	5272	1.096	0.758	0.680	0.987	1.003	1.333	0.992
able	AAAAAAAACAAAAAAA	5272	1.096	0.758	0.680	0.987	1.003	1.333	0.992
able	AAAAAAAACAAAAAAA	5272	1.096	0.758	0.680	0.987	1.003	1.333	0.992
able	AAAAAAAACAAAAAAA	5272	1.096	0.758	0.680	0.987	1.003	1.333	0.992
able	AAAAAAAACAAAAAAA	5272	1.096	0.758	0.680	0.987	1.003	1.333	0.992
able	AAAAAAAACAAAAAAA	5272	1.096	0.758	0.680	0.987	1.003	1.333	0.992
able	AAAAAAAACAAAAAAA	5272	1.096	0.758	0.680	0.987	1.003	1.333	0.992
able	AAAAAAAACAAAAAAA	5272	1.096	0.758	0.680	0.987	1.003	1.333	0.992
able	AAAAAAAACAAAAAAA	5272	1.096	0.758	0.680	0.987	1.003	1.333	0.992
able	AAAAAAAACAAAAAAA	5272	1.096	0.758	0.680	0.987	1.003	1.333	0.992
able	AAAAAAAACAAAAAAA	5272	1.096	0.758	0.680	0.987	1.003	1.333	0.992
able	AAAAAAAACAAAAAAA	5272	1.096	0.758	0.680	0.987	1.003	1.333	0.992
able	AAAAAAAACAAAAAAA	5272	1.096	0.758	0.680	0.987	1.003	1.333	0.992
able	AAAAAAAACAAAAAAA	5272	1.096	0.758	0.680	0.987	1.003	1.333	0.992
able	AAAAAAAACAAAAAAA	5272	1.096	0.758	0.680	0.987	1.003	1.333	0.992
able	AAAAAAAACAAAAAAA	5272	1.096	0.758	0.680	0.987	1.003	1.333	0.992
able	AAAAAAAACAAAAAAA	5272	1.096	0.758	0.680	0.987	1.003	1.333	0.992
able	AAAAAAAACAAAAAAA	5272	1.096	0.758	0.680	0.987	1.003	1.333	0.992
able	AAAAAAAACAAAAAAA	5272	1.096	0.758	0.680	0.987	1.003	1.333	0.992
able	AAAAAAAACAAAAAAA	5272	1.096	0.758	0.680	0.987	1.003	1.333	0.992
able	AAAAAAAACAAAAAAA	5272	1.096	0.758	0.680	0.987	1.003	1.333	0.992
able	AAAAAAAACAAAAAAA	5272	1.096	0.758	0.680	0.987	1.003	1.333	0.992
able	AAAAAAAACAAAAAAA	5272	1.096	0.758	0.680	0.987	1.003	1.333	0.992
able	AAAAAAAACAAAAAAA	5272	1.096	0.758	0.680	0.987	1.003	1.333	0.992
able	AAAAAAAACAAAAAAA	5272	1.096	0.758	0.680	0.987	1.003	1.333	0.992
able	AAAAAAAACAAAAAAA	5272	1.096	0.758	0.680	0.987	1.003	1.333	0.992
able	AAAAAAAACAAAAAAA	5272	1.096	0.758	0.680	0.987	1.003	1.333	0.992
able	AAAAAAAACAAAAAAA	5272	1.096	0.758	0.680	0.987	1.003	1.333	0.992
able	AAAAAAAACAAAAAAA	5272	1.096	0.758	0.680	0.987	1.003	1.333	0.992
able	AAAAAAAACAAAAAAA	5272	1.096	0.758	0.680	0.987	1.003	1.333	0.992
able	AAAAAAAACAAAAAAA	5272	1.096	0.758	0.680	0.987	1.003	1.333	0.992
able	AAAAAAAACAAAAAAA	5272	1.096	0.758	0.680	0.987	1.003	1.333	0.992
able	AAAAAAAACAAAAAAA	5272	1.096	0.758	0.680	0.987	1.003	1.333	0.992
able	AAAAAAAACAAAAAAA	5272	1.096	0.758	0.680	0.987	1.003	1.333	0.992
able	AAAAAAAACAAAAAAA	5272	1.096	0.758	0.680	0.987	1.003	1.333	0.992
able	AAAAAAAACAAAAAAA	5272	1.096	0.758	0.680	0.987	1.003	1.333	0.992
able	AAAAAAAACAAAAAAA	5272	1.096	0.758	0.680	0.987	1.003	1.333	0.992
able	AAAAAAAACAAAAAAA	5272	1.096	0.758	0.680	0.987	1.003	1.333	0.992
able	AAAAAAAACAAAAAAA	5272	1.096	0.758	0.680	0.987	1.003	1.333	0.992
able	AAAAAAAACAAAAAAA	5272	1.096	0.758	0.680	0.987	1.003	1.333	0.992
able	AAAAAAAACAAAAAAA	5272	1.096	0.758	0.680	0.987	1.003	1.333	0.992
able	AAAAAAAACAAAAAAA	5272	1.096	0.758	0.680	0.987	1.003	1.333	0.992
able	AAAAAAAACAAAAAAA	5272	1.096	0.758	0.680	0.987	1.003	1.333	0.992
able	AAAAAAAACAAAAAAA	5272	1.096	0.758	0.680	0.987	1.003	1.333	0.992
able	AAAAAAAACAAAAAAA	5273	1.197	1.027	0.474	0.632	0.708	1.492	0.574
able	AAAAAAAACAAAAAAA	5273	1.197	1.027	0.474	0.632	0.708	1.492	0.574
