AAAAAAAAANECAAAA	34	18.500	9	4.900	18	9.800	20.333
AAAAAAAACAOBAAAA	27	11.600	38	16.400	12	5.100	25.666
AAAAAAAACBNDAAAA	38	11.600	52	15.900	19	5.800	36.333
AAAAAAAACCGAAAAA	30	15.100	18	9.000	18	9.000	22.000
AAAAAAAACKBDAAAA	32	12.600	22	8.700	30	11.900	28.000
AAAAAAAACOIBAAAA	31	8.000	29	7.500	68	17.700	42.666
AAAAAAAAEBLDAAAA	9	3.700	34	13.900	38	15.600	27.000
AAAAAAAAELFDAAAA	54	20.200	4	1.400	31	11.600	29.666
AAAAAAAAFEBAAAAA	19	15.400	17	13.800	5	4.000	13.666
AAAAAAAAFODDAAAA	30	11.400	7	2.600	50	19.100	29.000
AAAAAAAAGLMCAAAA	37	26.800	3	2.100	6	4.300	15.333
AAAAAAAAHAGDAAAA	16	8.300	15	7.800	33	17.100	21.333
AAAAAAAAHCDEAAAA	41	19.200	1	0.400	29	13.600	23.666
AAAAAAAALAEBAAAA	19	6.900	21	7.600	51	18.600	30.333
AAAAAAAAMBDEAAAA	26	6.300	66	16.100	44	10.700	45.333
AAAAAAAAMBGBAAAA	5	5.000	1	1.000	27	27.200	11.000
AAAAAAAAMDODAAAA	17	10.800	32	20.500	3	1.900	17.333
AAAAAAAAMOIAAAAA	84	25.400	12	3.600	14	4.200	36.666
AAAAAAAANMAAAAAA	12	25.000	1	2.000	3	6.200	5.333
AAAAAAAAODOAAAAA	5	4.300	3	2.600	30	26.300	12.666
AAAAAAAAPJOCAAAA	29	15.300	21	11.100	13	6.800	21.000
