able	AAAAAAAACAAAAAAA	5271 	1.36265188	 3.08639563	0.322088523	0.480423598 	1.14163248	 .759840693	1.84548617
able	AAAAAAAACAAAAAAA	5271 	1.36265188	 3.08639563	0.322088523	0.480423598 	1.14163248	 .759840693	1.84548617
able	AAAAAAAACAAAAAAA	5271 	1.36265188	 3.08639563	0.322088523	0.480423598 	1.14163248	 .759840693	1.84548617
able	AAAAAAAACAAAAAAA	5271 	1.36265188	 3.08639563	0.322088523	0.480423598 	1.14163248	 .759840693	1.84548617
able	AAAAAAAACAAAAAAA	5271 	1.36265188	 3.08639563	0.322088523	0.480423598 	1.14163248	 .759840693	1.84548617
able	AAAAAAAACAAAAAAA	5271 	1.36265188	 3.08639563	0.322088523	0.480423598 	1.14163248	 .759840693	1.84548617
able	AAAAAAAACAAAAAAA	5271 	1.36265188	 3.08639563	0.322088523	0.480423598 	1.14163248	 .759840693	1.84548617
able	AAAAAAAACAAAAAAA	5271 	1.36265188	 3.08639563	0.322088523	0.480423598 	1.14163248	 .759840693	1.84548617
able	AAAAAAAACAAAAAAA	5271 	1.36265188	 3.08639563	0.322088523	0.480423598 	1.14163248	 .759840693	1.84548617
able	AAAAAAAACAAAAAAA	5271 	1.36265188	 3.08639563	0.322088523	0.480423598 	1.14163248	 .759840693	1.84548617
able	AAAAAAAACAAAAAAA	5271 	1.36265188	 3.08639563	0.322088523	0.480423598 	1.14163248	 .759840693	1.84548617
able	AAAAAAAACAAAAAAA	5271 	1.36265188	 3.08639563	0.322088523	0.480423598 	1.14163248	 .759840693	1.84548617
able	AAAAAAAACAAAAAAA	5271 	1.36265188	 3.08639563	0.322088523	0.480423598 	1.14163248	 .759840693	1.84548617
able	AAAAAAAACAAAAAAA	5271 	1.36265188	 3.08639563	0.322088523	0.480423598 	1.14163248	 .759840693	1.84548617
able	AAAAAAAACAAAAAAA	5271 	1.36265188	 3.08639563	0.322088523	0.480423598 	1.14163248	 .759840693	1.84548617
able	AAAAAAAACAAAAAAA	5271 	1.36265188	 3.08639563	0.322088523	0.480423598 	1.14163248	 .759840693	1.84548617
able	AAAAAAAACAAAAAAA	5271 	1.36265188	 3.08639563	0.322088523	0.480423598 	1.14163248	 .759840693	1.84548617
able	AAAAAAAACAAAAAAA	5271 	1.36265188	 3.08639563	0.322088523	0.480423598 	1.14163248	 .759840693	1.84548617
able	AAAAAAAACAAAAAAA	5271 	1.36265188	 3.08639563	0.322088523	0.480423598 	1.14163248	 .759840693	1.84548617
able	AAAAAAAACAAAAAAA	5271 	1.36265188	 3.08639563	0.322088523	0.480423598 	1.14163248	 .759840693	1.84548617
able	AAAAAAAACAAAAAAA	5271 	1.36265188	 3.08639563	0.322088523	0.480423598 	1.14163248	 .759840693	1.84548617
able	AAAAAAAACAAAAAAA	5271 	1.36265188	 3.08639563	0.322088523	0.480423598 	1.14163248	 .759840693	1.84548617
able	AAAAAAAACAAAAAAA	5271 	1.36265188	 3.08639563	0.322088523	0.480423598 	1.14163248	 .759840693	1.84548617
able	AAAAAAAACAAAAAAA	5271 	1.36265188	 3.08639563	0.322088523	0.480423598 	1.14163248	 .759840693	1.84548617
able	AAAAAAAACAAAAAAA	5271 	1.36265188	 3.08639563	0.322088523	0.480423598 	1.14163248	 .759840693	1.84548617
able	AAAAAAAACAAAAAAA	5271 	1.36265188	 3.08639563	0.322088523	0.480423598 	1.14163248	 .759840693	1.84548617
able	AAAAAAAACAAAAAAA	5271 	1.36265188	 3.08639563	0.322088523	0.480423598 	1.14163248	 .759840693	1.84548617
able	AAAAAAAACAAAAAAA	5271 	1.36265188	 3.08639563	0.322088523	0.480423598 	1.14163248	 .759840693	1.84548617
able	AAAAAAAACAAAAAAA	5271 	1.36265188	 3.08639563	0.322088523	0.480423598 	1.14163248	 .759840693	1.84548617
able	AAAAAAAACAAAAAAA	5271 	1.36265188	 3.08639563	0.322088523	0.480423598 	1.14163248	 .759840693	1.84548617
able	AAAAAAAACAAAAAAA	5271 	1.36265188	 3.08639563	0.322088523	0.480423598 	1.14163248	 .759840693	1.84548617
able	AAAAAAAACAAAAAAA	5271 	1.36265188	 3.08639563	0.322088523	0.480423598 	1.14163248	 .759840693	1.84548617
able	AAAAAAAACAAAAAAA	5271 	1.36265188	 3.08639563	0.322088523	0.480423598 	1.14163248	 .759840693	1.84548617
able	AAAAAAAACAAAAAAA	5271 	1.36265188	 3.08639563	0.322088523	0.480423598 	1.14163248	 .759840693	1.84548617
able	AAAAAAAACAAAAAAA	5271 	1.36265188	 3.08639563	0.322088523	0.480423598 	1.14163248	 .759840693	1.84548617
able	AAAAAAAACAAAAAAA	5271 	1.36265188	 3.08639563	0.322088523	0.480423598 	1.14163248	 .759840693	1.84548617
able	AAAAAAAACAAAAAAA	5271 	1.36265188	 3.08639563	0.322088523	0.480423598 	1.14163248	 .759840693	1.84548617
able	AAAAAAAACAAAAAAA	5271 	1.36265188	 3.08639563	0.322088523	0.480423598 	1.14163248	 .759840693	1.84548617
able	AAAAAAAACAAAAAAA	5271 	1.36265188	 3.08639563	0.322088523	0.480423598 	1.14163248	 .759840693	1.84548617
able	AAAAAAAACAAAAAAA	5271 	1.36265188	 3.08639563	0.322088523	0.480423598 	1.14163248	 .759840693	1.84548617
able	AAAAAAAACAAAAAAA	5271 	1.36265188	 3.08639563	0.322088523	0.480423598 	1.14163248	 .759840693	1.84548617
able	AAAAAAAACAAAAAAA	5271 	1.36265188	 3.08639563	0.322088523	0.480423598 	1.14163248	 .759840693	1.84548617
able	AAAAAAAACAAAAAAA	5271 	1.36265188	 3.08639563	0.322088523	0.480423598 	1.14163248	 .759840693	1.84548617
able	AAAAAAAACAAAAAAA	5271 	1.36265188	 3.08639563	0.322088523	0.480423598 	1.14163248	 .759840693	1.84548617
able	AAAAAAAACAAAAAAA	5271 	1.36265188	 3.08639563	0.322088523	0.480423598 	1.14163248	 .759840693	1.84548617
able	AAAAAAAACAAAAAAA	5271 	1.36265188	 3.08639563	0.322088523	0.480423598 	1.14163248	 .759840693	1.84548617
able	AAAAAAAACAAAAAAA	5271 	1.36265188	 3.08639563	0.322088523	0.480423598 	1.14163248	 .759840693	1.84548617
able	AAAAAAAACAAAAAAA	5271 	1.36265188	 3.08639563	0.322088523	0.480423598 	1.14163248	 .759840693	1.84548617
able	AAAAAAAACAAAAAAA	5271 	1.36265188	 3.08639563	0.322088523	0.480423598 	1.14163248	 .759840693	1.84548617
able	AAAAAAAACAAAAAAA	5272 	1.09689573	 .758347616	0.680007251	0.987386123 	1.00343722	 1.33354788	0.992338021
able	AAAAAAAACAAAAAAA	5272 	1.09689573	 .758347616	0.680007251	0.987386123 	1.00343722	 1.33354788	0.992338021
able	AAAAAAAACAAAAAAA	5272 	1.09689573	 .758347616	0.680007251	0.987386123 	1.00343722	 1.33354788	0.992338021
able	AAAAAAAACAAAAAAA	5272 	1.09689573	 .758347616	0.680007251	0.987386123 	1.00343722	 1.33354788	0.992338021
able	AAAAAAAACAAAAAAA	5272 	1.09689573	 .758347616	0.680007251	0.987386123 	1.00343722	 1.33354788	0.992338021
able	AAAAAAAACAAAAAAA	5272 	1.09689573	 .758347616	0.680007251	0.987386123 	1.00343722	 1.33354788	0.992338021
able	AAAAAAAACAAAAAAA	5272 	1.09689573	 .758347616	0.680007251	0.987386123 	1.00343722	 1.33354788	0.992338021
able	AAAAAAAACAAAAAAA	5272 	1.09689573	 .758347616	0.680007251	0.987386123 	1.00343722	 1.33354788	0.992338021
able	AAAAAAAACAAAAAAA	5272 	1.09689573	 .758347616	0.680007251	0.987386123 	1.00343722	 1.33354788	0.992338021
able	AAAAAAAACAAAAAAA	5272 	1.09689573	 .758347616	0.680007251	0.987386123 	1.00343722	 1.33354788	0.992338021
able	AAAAAAAACAAAAAAA	5272 	1.09689573	 .758347616	0.680007251	0.987386123 	1.00343722	 1.33354788	0.992338021
able	AAAAAAAACAAAAAAA	5272 	1.09689573	 .758347616	0.680007251	0.987386123 	1.00343722	 1.33354788	0.992338021
able	AAAAAAAACAAAAAAA	5272 	1.09689573	 .758347616	0.680007251	0.987386123 	1.00343722	 1.33354788	0.992338021
able	AAAAAAAACAAAAAAA	5272 	1.09689573	 .758347616	0.680007251	0.987386123 	1.00343722	 1.33354788	0.992338021
able	AAAAAAAACAAAAAAA	5272 	1.09689573	 .758347616	0.680007251	0.987386123 	1.00343722	 1.33354788	0.992338021
able	AAAAAAAACAAAAAAA	5272 	1.09689573	 .758347616	0.680007251	0.987386123 	1.00343722	 1.33354788	0.992338021
able	AAAAAAAACAAAAAAA	5272 	1.09689573	 .758347616	0.680007251	0.987386123 	1.00343722	 1.33354788	0.992338021
able	AAAAAAAACAAAAAAA	5272 	1.09689573	 .758347616	0.680007251	0.987386123 	1.00343722	 1.33354788	0.992338021
able	AAAAAAAACAAAAAAA	5272 	1.09689573	 .758347616	0.680007251	0.987386123 	1.00343722	 1.33354788	0.992338021
able	AAAAAAAACAAAAAAA	5272 	1.09689573	 .758347616	0.680007251	0.987386123 	1.00343722	 1.33354788	0.992338021
able	AAAAAAAACAAAAAAA	5272 	1.09689573	 .758347616	0.680007251	0.987386123 	1.00343722	 1.33354788	0.992338021
able	AAAAAAAACAAAAAAA	5272 	1.09689573	 .758347616	0.680007251	0.987386123 	1.00343722	 1.33354788	0.992338021
able	AAAAAAAACAAAAAAA	5272 	1.09689573	 .758347616	0.680007251	0.987386123 	1.00343722	 1.33354788	0.992338021
able	AAAAAAAACAAAAAAA	5272 	1.09689573	 .758347616	0.680007251	0.987386123 	1.00343722	 1.33354788	0.992338021
able	AAAAAAAACAAAAAAA	5272 	1.09689573	 .758347616	0.680007251	0.987386123 	1.00343722	 1.33354788	0.992338021
able	AAAAAAAACAAAAAAA	5272 	1.09689573	 .758347616	0.680007251	0.987386123 	1.00343722	 1.33354788	0.992338021
able	AAAAAAAACAAAAAAA	5272 	1.09689573	 .758347616	0.680007251	0.987386123 	1.00343722	 1.33354788	0.992338021
able	AAAAAAAACAAAAAAA	5272 	1.09689573	 .758347616	0.680007251	0.987386123 	1.00343722	 1.33354788	0.992338021
able	AAAAAAAACAAAAAAA	5272 	1.09689573	 .758347616	0.680007251	0.987386123 	1.00343722	 1.33354788	0.992338021
able	AAAAAAAACAAAAAAA	5272 	1.09689573	 .758347616	0.680007251	0.987386123 	1.00343722	 1.33354788	0.992338021
able	AAAAAAAACAAAAAAA	5272 	1.09689573	 .758347616	0.680007251	0.987386123 	1.00343722	 1.33354788	0.992338021
able	AAAAAAAACAAAAAAA	5272 	1.09689573	 .758347616	0.680007251	0.987386123 	1.00343722	 1.33354788	0.992338021
able	AAAAAAAACAAAAAAA	5272 	1.09689573	 .758347616	0.680007251	0.987386123 	1.00343722	 1.33354788	0.992338021
able	AAAAAAAACAAAAAAA	5272 	1.09689573	 .758347616	0.680007251	0.987386123 	1.00343722	 1.33354788	0.992338021
able	AAAAAAAACAAAAAAA	5272 	1.09689573	 .758347616	0.680007251	0.987386123 	1.00343722	 1.33354788	0.992338021
able	AAAAAAAACAAAAAAA	5272 	1.09689573	 .758347616	0.680007251	0.987386123 	1.00343722	 1.33354788	0.992338021
able	AAAAAAAACAAAAAAA	5272 	1.09689573	 .758347616	0.680007251	0.987386123 	1.00343722	 1.33354788	0.992338021
able	AAAAAAAACAAAAAAA	5272 	1.09689573	 .758347616	0.680007251	0.987386123 	1.00343722	 1.33354788	0.992338021
able	AAAAAAAACAAAAAAA	5272 	1.09689573	 .758347616	0.680007251	0.987386123 	1.00343722	 1.33354788	0.992338021
able	AAAAAAAACAAAAAAA	5272 	1.09689573	 .758347616	0.680007251	0.987386123 	1.00343722	 1.33354788	0.992338021
able	AAAAAAAACAAAAAAA	5272 	1.09689573	 .758347616	0.680007251	0.987386123 	1.00343722	 1.33354788	0.992338021
able	AAAAAAAACAAAAAAA	5272 	1.09689573	 .758347616	0.680007251	0.987386123 	1.00343722	 1.33354788	0.992338021
able	AAAAAAAACAAAAAAA	5272 	1.09689573	 .758347616	0.680007251	0.987386123 	1.00343722	 1.33354788	0.992338021
able	AAAAAAAACAAAAAAA	5272 	1.09689573	 .758347616	0.680007251	0.987386123 	1.00343722	 1.33354788	0.992338021
able	AAAAAAAACAAAAAAA	5272 	1.09689573	 .758347616	0.680007251	0.987386123 	1.00343722	 1.33354788	0.992338021
able	AAAAAAAACAAAAAAA	5272 	1.09689573	 .758347616	0.680007251	0.987386123 	1.00343722	 1.33354788	0.992338021
able	AAAAAAAACAAAAAAA	5272 	1.09689573	 .758347616	0.680007251	0.987386123 	1.00343722	 1.33354788	0.992338021
able	AAAAAAAACAAAAAAA	5272 	1.09689573	 .758347616	0.680007251	0.987386123 	1.00343722	 1.33354788	0.992338021
able	AAAAAAAACAAAAAAA	5272 	1.09689573	 .758347616	0.680007251	0.987386123 	1.00343722	 1.33354788	0.992338021
able	AAAAAAAACAAAAAAA	5273 	1.19728505	 1.02715075	0.474951913	0.632462934 	0.708915062	1.4923289	0.574005827
able	AAAAAAAACAAAAAAA	5273 	1.19728505	 1.02715075	0.474951913	0.632462934 	0.708915062	1.4923289	0.574005827
