AAAAAAAAAAACAAAA	17.000	13.15000	7.70000	1.97000
AAAAAAAAAAAEAAAA	99.000	123.44000	0.00000	44.43000
AAAAAAAAAABBAAAA	11.000	77.31000	0.00000	38.65000
AAAAAAAAAABEAAAA	35.500	18.90000	0.00000	4.85000
AAAAAAAAAACAAAAA	61.000	38.63000	90.24500	16.38500
AAAAAAAAAACCAAAA	10.500	83.46500	0.00000	30.02000
AAAAAAAAAADBAAAA	44.000	108.36000	0.00000	13.00000
AAAAAAAAAADCAAAA	54.000	59.29000	0.00000	34.98000
AAAAAAAAAADEAAAA	93.000	43.57000	0.00000	38.34000
AAAAAAAAAAEAAAAA	72.000	16.46000	0.00000	13.33000
AAAAAAAAAAEBAAAA	88.000	29.02000	0.00000	0.87000
AAAAAAAAAAEDAAAA	91.000	84.37500	0.00000	9.09000
AAAAAAAAAAFDAAAA	37.000	33.13000	0.00000	20.20000
AAAAAAAAAAGEAAAA	35.000	56.48000	881.45000	23.63000
AAAAAAAAAAHDAAAA	33.000	59.05000	0.00000	48.53000
AAAAAAAAAAICAAAA	68.500	108.73000	166.78000	69.22000
AAAAAAAAAAIDAAAA	76.000	97.19000	0.00000	43.73000
AAAAAAAAAAJCAAAA	30.000	47.55000	0.00000	30.43000
AAAAAAAAAAKBAAAA	59.000	55.08000	0.00000	17.07000
AAAAAAAAAAMBAAAA	74.000	10.39000	0.00000	8.62000
AAAAAAAAAAMCAAAA	86.000	24.10000	0.41000	0.48000
AAAAAAAAAANAAAAA	43.000	80.16000	0.00000	41.68000
AAAAAAAAAANBAAAA	28.000	112.27000	0.00000	57.25000
AAAAAAAAAAOAAAAA	46.000	12.63000	0.00000	4.67000
AAAAAAAAAAPBAAAA	66.000	39.59000	969.80000	18.60000
AAAAAAAAAAPCAAAA	90.000	68.28000	0.00000	47.79000
AAAAAAAAABAAAAAA	10.500	71.48000	0.00000	28.92000
AAAAAAAAABABAAAA	12.500	100.53000	2.23000	34.80750
AAAAAAAAABADAAAA	100.000	68.67000	0.00000	50.81000
AAAAAAAAABAEAAAA	49.000	15.79000	0.00000	11.84000
AAAAAAAAABBCAAAA	52.000	115.10000	0.00000	24.17000
AAAAAAAAABDEAAAA	92.000	168.96000	0.00000	23.65000
AAAAAAAAABEAAAAA	33.333	58.64666	99.47333	22.16666
AAAAAAAAABECAAAA	43.000	167.74000	0.00000	88.90000
AAAAAAAAABEDAAAA	74.000	129.10000	0.00000	108.44000
AAAAAAAAABFBAAAA	36.000	115.18000	0.00000	109.42000
AAAAAAAAABFCAAAA	51.000	121.98000	0.00000	17.07000
AAAAAAAAABFEAAAA	65.000	117.88000	0.00000	107.27000
AAAAAAAAABGBAAAA	52.000	71.54500	0.00000	30.28500
AAAAAAAAABGDAAAA	67.500	58.86000	0.00000	35.25000
AAAAAAAAABHAAAAA	71.000	39.38500	804.37500	8.38000
AAAAAAAAABHCAAAA	48.000	12.67000	52.16000	4.18000
AAAAAAAAABHDAAAA	55.000	17.78000	0.00000	5.51500
AAAAAAAAABJAAAAA	32.000	20.11000	0.00000	15.68000
AAAAAAAAABJBAAAA	21.000	72.33500	0.00000	11.37000
AAAAAAAAABJDAAAA	43.000	74.92000	0.00000	8.24000
AAAAAAAAABKAAAAA	67.000	103.07000	0.00000	34.01000
AAAAAAAAABKCAAAA	43.000	73.93000	0.00000	48.05000
AAAAAAAAABKDAAAA	84.000	102.95000	0.00000	42.20000
AAAAAAAAABMAAAAA	58.000	136.34000	0.00000	35.44000
AAAAAAAAABMDAAAA	80.000	3.06000	0.00000	1.89000
AAAAAAAAABNAAAAA	96.000	81.95000	0.00000	64.74000
AAAAAAAAABNCAAAA	42.000	88.83000	0.00000	20.65000
AAAAAAAAABOBAAAA	18.000	81.49000	0.00000	58.67000
AAAAAAAAABOCAAAA	31.000	73.87666	0.00000	59.94000
AAAAAAAAABPBAAAA	48.500	37.83000	183.78000	11.72000
AAAAAAAAACACAAAA	60.000	104.37500	351.56500	25.31500
AAAAAAAAACADAAAA	29.000	43.74000	0.00000	13.99000
AAAAAAAAACBBAAAA	44.500	87.51000	0.00000	36.14000
AAAAAAAAACBEAAAA	76.000	156.05000	0.00000	113.91000
AAAAAAAAACCDAAAA	26.000	35.57333	0.00000	13.01333
AAAAAAAAACCEAAAA	4.000	10.98000	0.00000	4.94000
AAAAAAAAACDAAAAA	16.000	87.87000	36.26000	75.56000
AAAAAAAAACDCAAAA	27.000	89.86000	0.00000	40.43000
AAAAAAAAACEBAAAA	42.000	94.58000	0.00000	51.26000
AAAAAAAAACFBAAAA	45.000	88.30500	0.00000	24.26000
AAAAAAAAACGAAAAA	47.000	10.46000	0.00000	5.64000
AAAAAAAAACGDAAAA	24.000	51.54500	0.00000	18.83500
AAAAAAAAACHBAAAA	44.000	103.27000	0.00000	65.06000
AAAAAAAAACHCAAAA	68.500	91.68000	0.00000	66.16500
AAAAAAAAACIAAAAA	7.000	25.42000	0.00000	8.64000
AAAAAAAAACIBAAAA	21.000	89.29000	915.01000	71.43000
AAAAAAAAACIDAAAA	43.000	56.28000	56.11000	4.50000
AAAAAAAAACLAAAAA	36.000	125.57000	0.00000	13.81000
AAAAAAAAACLDAAAA	61.333	114.20666	0.00000	59.12333
AAAAAAAAACMDAAAA	56.000	79.02000	0.00000	64.00000
AAAAAAAAACNCAAAA	63.000	54.20000	0.00000	29.26000
AAAAAAAAACOAAAAA	50.000	27.43000	229.21500	13.43000
AAAAAAAAACPAAAAA	32.000	147.62000	2480.32000	87.09000
AAAAAAAAACPCAAAA	80.000	12.60000	0.00000	0.37000
AAAAAAAAACPDAAAA	87.000	105.93000	0.00000	9.53000
AAAAAAAAADABAAAA	68.500	35.79500	0.00000	27.84000
AAAAAAAAADACAAAA	96.000	101.54000	0.00000	99.50000
AAAAAAAAADAEAAAA	53.000	74.64000	0.00000	7.63000
AAAAAAAAADBBAAAA	6.000	85.58000	234.14000	81.30000
AAAAAAAAADBDAAAA	47.000	39.33000	62.71000	12.09000
AAAAAAAAADBEAAAA	52.000	2.41000	0.00000	1.06000
AAAAAAAAADCAAAAA	91.000	92.17000	0.00000	67.28000
AAAAAAAAADCCAAAA	33.000	40.80000	0.00000	28.56000
AAAAAAAAADDBAAAA	45.000	18.63000	0.00000	17.69000
AAAAAAAAADDCAAAA	66.000	162.17000	1525.90000	37.29000
AAAAAAAAADDEAAAA	35.000	78.25666	0.00000	36.63000
AAAAAAAAADEBAAAA	59.500	110.38000	157.96500	16.16500
AAAAAAAAADEEAAAA	17.000	54.54000	0.00000	16.36000
AAAAAAAAADFAAAAA	44.000	133.51000	0.00000	25.36000
AAAAAAAAADGBAAAA	31.000	107.55000	919.82500	56.53500
AAAAAAAAADGCAAAA	78.000	119.61000	0.00000	74.15000
AAAAAAAAADGEAAAA	45.500	99.30500	0.00000	1.06500
AAAAAAAAADHAAAAA	86.000	81.09000	0.00000	37.30000
AAAAAAAAADHBAAAA	28.000	68.58000	223.79000	53.61500

