AAAAAAAAAAAEAAAA	63.000	30.01000	0.00000	25.29000
AAAAAAAAAABEAAAA	96.000	75.34000	0.00000	10.54000
AAAAAAAAAACAAAAA	73.000	199.77000	0.00000	41.95000
AAAAAAAAAACCAAAA	23.500	26.62000	110.97000	14.20000
AAAAAAAAAADBAAAA	23.000	131.56000	0.00000	26.31000
AAAAAAAAAADEAAAA	15.000	283.91000	0.00000	19.87000
AAAAAAAAAAEAAAAA	71.000	176.71333	0.00000	142.69333
AAAAAAAAAAEBAAAA	96.000	66.74000	1014.39000	16.01000
AAAAAAAAAAFCAAAA	85.000	76.81000	143.61000	42.24000
AAAAAAAAAAGEAAAA	47.000	136.92500	0.00000	95.27500
AAAAAAAAAAHBAAAA	27.000	105.84000	0.00000	35.98000
AAAAAAAAAAIDAAAA	78.333	126.37000	0.00000	61.94333
AAAAAAAAAAJBAAAA	60.333	85.59666	23.20000	15.50000
AAAAAAAAAAKDAAAA	21.000	84.41500	0.00000	26.85000
AAAAAAAAAALCAAAA	20.000	62.79000	0.00000	48.97000
AAAAAAAAAALDAAAA	49.000	73.15500	0.00000	21.00500
AAAAAAAAAAMCAAAA	81.000	229.62000	15221.17000	202.06000
AAAAAAAAAANAAAAA	42.000	79.99000	0.00000	76.79000
AAAAAAAAAANDAAAA	94.000	27.92000	0.00000	1.67000
AAAAAAAAAAOAAAAA	66.000	44.29500	25.82000	10.05500
AAAAAAAAAAOCAAAA	34.333	84.49666	1133.95333	63.43000
AAAAAAAAABABAAAA	45.000	79.82000	0.00000	67.84000
AAAAAAAAABAEAAAA	1.000	171.54000	0.00000	49.74000
AAAAAAAAABBAAAAA	8.000	279.08000	0.00000	55.81000
AAAAAAAAABBCAAAA	56.000	45.97000	1286.38000	23.44000
AAAAAAAAABBDAAAA	47.000	22.44000	0.00000	21.99000
AAAAAAAAABCBAAAA	84.000	43.87000	0.00000	28.51000
AAAAAAAAABEDAAAA	43.000	105.77000	668.40000	37.01000
AAAAAAAAABFEAAAA	66.000	239.55000	0.00000	184.45000
AAAAAAAAABJAAAAA	49.000	10.24000	0.00000	8.08000
AAAAAAAAABKAAAAA	71.000	99.42000	0.00000	15.90000
AAAAAAAAABLBAAAA	40.000	233.60000	0.00000	93.44000
AAAAAAAAABOCAAAA	51.000	4.55000	0.00000	4.14000
AAAAAAAAACCAAAAA	39.000	63.74500	22.26000	17.78500
AAAAAAAAACDCAAAA	51.000	158.97500	1334.07000	124.78500
AAAAAAAAACDDAAAA	85.500	75.73500	0.00000	36.28500
AAAAAAAAACEEAAAA	38.000	78.69000	0.00000	19.67000
AAAAAAAAACFDAAAA	93.000	59.44000	0.00000	7.72000
AAAAAAAAACGCAAAA	55.000	103.21000	0.00000	27.86000
AAAAAAAAACHBAAAA	62.000	180.29000	0.00000	32.45000
AAAAAAAAACIBAAAA	95.000	214.40000	0.00000	4.28000
AAAAAAAAACKBAAAA	59.000	92.91000	0.00000	29.67500
AAAAAAAAACMCAAAA	65.000	119.55000	0.00000	84.88000
AAAAAAAAACNBAAAA	65.000	169.29000	0.00000	121.88000
AAAAAAAAACNCAAAA	12.000	64.16000	0.00000	16.04000
AAAAAAAAACOBAAAA	90.000	50.84000	0.00000	6.10000
AAAAAAAAACODAAAA	46.000	35.84000	0.00000	16.27666
AAAAAAAAACPAAAAA	62.000	191.00000	823.81500	132.19500
AAAAAAAAADABAAAA	31.000	30.66000	0.00000	2.45000
AAAAAAAAADACAAAA	31.000	174.06000	0.00000	46.99000
AAAAAAAAADAEAAAA	21.000	65.43000	0.00000	62.15000
AAAAAAAAADBAAAAA	88.000	102.57000	7392.18000	92.31000
AAAAAAAAADBDAAAA	67.000	221.22000	0.00000	79.63000
AAAAAAAAADCAAAAA	67.000	70.16000	2248.62000	36.48000
AAAAAAAAADCDAAAA	37.000	92.28000	0.00000	31.66000
AAAAAAAAADDCAAAA	27.000	133.79000	0.00000	14.71000
AAAAAAAAADEAAAAA	99.000	26.54000	0.00000	8.75000
AAAAAAAAADFDAAAA	49.000	56.58000	0.00000	5.65000
AAAAAAAAADGEAAAA	49.000	87.96000	0.00000	15.83000
AAAAAAAAADHAAAAA	36.000	32.89000	849.52000	25.65000
AAAAAAAAADIAAAAA	98.000	168.89000	0.00000	69.24000
AAAAAAAAADIDAAAA	5.000	99.29500	0.00000	86.44500
AAAAAAAAADJBAAAA	87.000	88.35000	7.68000	8.83000
AAAAAAAAADJCAAAA	71.000	30.50000	0.00000	7.01000
AAAAAAAAADKAAAAA	40.500	123.01000	0.00000	8.12000
AAAAAAAAADKBAAAA	23.000	61.77000	0.00000	52.50000
AAAAAAAAADLAAAAA	35.000	108.69000	0.00000	78.25000
AAAAAAAAADMBAAAA	14.000	181.43000	0.00000	170.54000
AAAAAAAAADNAAAAA	23.000	43.28000	0.00000	5.62000
AAAAAAAAADNBAAAA	19.000	119.64000	0.00000	7.17000
AAAAAAAAADOCAAAA	37.500	30.22500	0.00000	19.35500
AAAAAAAAADODAAAA	66.000	4.61000	0.00000	2.53000
AAAAAAAAAEADAAAA	63.000	153.04000	0.00000	148.44000
AAAAAAAAAEAEAAAA	25.000	189.94000	0.00000	144.35000
AAAAAAAAAEBAAAAA	15.000	96.74000	0.00000	10.64000
AAAAAAAAAECBAAAA	57.000	31.66000	0.00000	11.39000
AAAAAAAAAEDBAAAA	90.000	185.31000	0.00000	18.53000
AAAAAAAAAEFBAAAA	44.000	56.32000	0.00000	39.49500
AAAAAAAAAEFCAAAA	14.000	136.80000	735.43000	82.08000
AAAAAAAAAEGBAAAA	93.000	138.20000	0.00000	134.05000
AAAAAAAAAEGDAAAA	71.000	109.73000	332.44000	59.20000
AAAAAAAAAEHCAAAA	73.000	216.23000	0.00000	211.90000
AAAAAAAAAEHDAAAA	28.000	85.42500	0.00000	38.96500
AAAAAAAAAEJBAAAA	46.000	85.18000	0.00000	79.21000
AAAAAAAAAEKCAAAA	59.000	69.26000	0.00000	2.07000
AAAAAAAAAEMDAAAA	3.000	183.78000	0.00000	134.15000
AAAAAAAAAFAAAAAA	54.000	255.71000	0.00000	86.94000
AAAAAAAAAFADAAAA	90.000	51.00000	0.00000	7.65000
AAAAAAAAAFBEAAAA	34.500	105.16000	0.00000	37.66500
AAAAAAAAAFCDAAAA	81.000	66.52500	0.00000	54.12500
AAAAAAAAAFDDAAAA	24.000	110.74500	0.00000	56.09500
AAAAAAAAAFEEAAAA	44.000	78.87000	2115.77000	71.77000
AAAAAAAAAFFBAAAA	39.500	189.82500	0.00000	56.22500
AAAAAAAAAFFDAAAA	27.000	73.31000	37.25000	2.19000
AAAAAAAAAFGCAAAA	64.000	164.06500	883.15500	150.20000
AAAAAAAAAFHBAAAA	18.000	92.06000	0.00000	26.69000
AAAAAAAAAFIDAAAA	26.000	165.65000	409.99000	46.38000
AAAAAAAAAFLBAAAA	12.500	146.01000	13.64500	118.77500
AAAAAAAAAFMCAAAA	41.000	37.88000	0.00000	13.63000
AAAAAAAAAFMDAAAA	72.000	97.77000	0.00000	24.44000

