AAAAAAAAAAABAAAA	TN	0	46.000	114.72000	0.00000	32.12000
AAAAAAAAAAABAAAA		1	46.000	114.72000	0.00000	32.12000
AAAAAAAAAAAEAAAA	TN	0	100.000	77.97000	0.00000	57.69000
AAAAAAAAAAAEAAAA		1	100.000	77.97000	0.00000	57.69000
AAAAAAAAAABAAAAA	TN	0	6.000	48.89000	13.61000	2.44000
AAAAAAAAAABAAAAA		1	6.000	48.89000	13.61000	2.44000
AAAAAAAAAACAAAAA	TN	0	62.000	32.21333	0.00000	5.50666
AAAAAAAAAACAAAAA		1	62.000	32.21333	0.00000	5.50666
AAAAAAAAAACDAAAA	TN	0	97.000	161.78000	0.00000	55.00000
AAAAAAAAAACDAAAA		1	97.000	161.78000	0.00000	55.00000
AAAAAAAAAADBAAAA	TN	0	28.000	136.01000	575.76000	73.44000
AAAAAAAAAADBAAAA		1	28.000	136.01000	575.76000	73.44000
AAAAAAAAAADCAAAA	TN	0	64.000	116.14000	0.00000	108.01000
AAAAAAAAAADCAAAA		1	64.000	116.14000	0.00000	108.01000
AAAAAAAAAAEBAAAA	TN	0	9.000	5.43000	0.00000	5.21000
AAAAAAAAAAEBAAAA		1	9.000	5.43000	0.00000	5.21000
AAAAAAAAAAEDAAAA	TN	0	45.500	87.63500	0.00000	51.84000
AAAAAAAAAAEDAAAA		1	45.500	87.63500	0.00000	51.84000
AAAAAAAAAAGBAAAA	TN	0	29.000	101.94000	0.00000	100.92000
AAAAAAAAAAGBAAAA		1	29.000	101.94000	0.00000	100.92000
AAAAAAAAAAGCAAAA	TN	0	97.000	65.27000	0.00000	21.53000
AAAAAAAAAAGCAAAA		1	97.000	65.27000	0.00000	21.53000
AAAAAAAAAAGEAAAA	TN	0	55.000	73.87500	0.00000	71.00000
AAAAAAAAAAGEAAAA		1	55.000	73.87500	0.00000	71.00000
AAAAAAAAAAHAAAAA	TN	0	20.000	134.30000	0.00000	119.52000
AAAAAAAAAAHAAAAA		1	20.000	134.30000	0.00000	119.52000
AAAAAAAAAAHBAAAA	TN	0	97.000	7.40000	0.00000	6.73000
AAAAAAAAAAHBAAAA		1	97.000	7.40000	0.00000	6.73000
AAAAAAAAAAHDAAAA	TN	0	69.000	5.62000	0.00000	0.33000
AAAAAAAAAAHDAAAA		1	69.000	5.62000	0.00000	0.33000
AAAAAAAAAAIAAAAA	TN	0	87.000	106.98000	0.00000	27.81000
AAAAAAAAAAIAAAAA		1	87.000	106.98000	0.00000	27.81000
AAAAAAAAAAKBAAAA	TN	0	84.500	66.17500	847.83500	57.38000
AAAAAAAAAAKBAAAA		1	84.500	66.17500	847.83500	57.38000
AAAAAAAAAALAAAAA	TN	0	6.000	32.28000	0.00000	7.42000
AAAAAAAAAALAAAAA		1	6.000	32.28000	0.00000	7.42000
AAAAAAAAAALCAAAA	TN	0	98.000	34.31000	55.30000	1.71000
AAAAAAAAAALCAAAA		1	98.000	34.31000	55.30000	1.71000
AAAAAAAAAALDAAAA	TN	0	59.000	129.47000	713.90000	22.00000
AAAAAAAAAALDAAAA		1	59.000	129.47000	713.90000	22.00000
AAAAAAAAAANAAAAA	TN	0	74.000	60.87500	0.00000	13.20000
AAAAAAAAAANAAAAA		1	74.000	60.87500	0.00000	13.20000
AAAAAAAAAANBAAAA	TN	0	96.000	130.79000	1864.51000	129.48000
AAAAAAAAAANBAAAA		1	96.000	130.79000	1864.51000	129.48000
AAAAAAAAAAOAAAAA	TN	0	85.000	130.34000	0.00000	122.51000
AAAAAAAAAAOAAAAA		1	85.000	130.34000	0.00000	122.51000
AAAAAAAAAAOCAAAA	TN	0	14.000	64.57500	0.00000	33.97500
AAAAAAAAAAOCAAAA		1	14.000	64.57500	0.00000	33.97500
AAAAAAAAAAODAAAA	TN	0	84.000	30.50000	0.00000	28.97000
AAAAAAAAAAODAAAA		1	84.000	30.50000	0.00000	28.97000
AAAAAAAAAAPBAAAA	TN	0	45.000	118.89000	2380.59500	84.71500
AAAAAAAAAAPBAAAA		1	45.000	118.89000	2380.59500	84.71500
AAAAAAAAABAAAAAA	TN	0	97.000	124.75000	0.00000	74.85000
AAAAAAAAABAAAAAA		1	97.000	124.75000	0.00000	74.85000
AAAAAAAAABABAAAA	TN	0	31.000	29.98000	17.09000	27.58000
AAAAAAAAABABAAAA		1	31.000	29.98000	17.09000	27.58000
AAAAAAAAABAEAAAA	TN	0	34.000	17.21000	0.00000	13.42000
AAAAAAAAABAEAAAA		1	34.000	17.21000	0.00000	13.42000
AAAAAAAAABCBAAAA	TN	0	38.000	131.37500	0.00000	52.32000
AAAAAAAAABCBAAAA		1	38.000	131.37500	0.00000	52.32000
AAAAAAAAABDAAAAA	TN	0	31.500	68.34500	0.00000	63.27500
AAAAAAAAABDAAAAA		1	31.500	68.34500	0.00000	63.27500
AAAAAAAAABDBAAAA	TN	0	56.000	103.85000	1624.17000	59.19000
AAAAAAAAABDBAAAA		1	56.000	103.85000	1624.17000	59.19000
AAAAAAAAABDDAAAA	TN	0	67.333	119.42000	23.18666	38.72000
AAAAAAAAABDDAAAA		1	67.333	119.42000	23.18666	38.72000
AAAAAAAAABDEAAAA	TN	0	61.000	85.95000	2282.36000	44.60500
AAAAAAAAABDEAAAA		1	61.000	85.95000	2282.36000	44.60500
AAAAAAAAABEDAAAA	TN	0	61.000	85.14000	0.00000	50.23000
AAAAAAAAABEDAAAA		1	61.000	85.14000	0.00000	50.23000
AAAAAAAAABFBAAAA	TN	0	31.000	23.55000	0.00000	13.65000
AAAAAAAAABFBAAAA		1	31.000	23.55000	0.00000	13.65000
AAAAAAAAABFCAAAA	TN	0	83.000	15.50000	0.00000	0.00000
AAAAAAAAABFCAAAA		1	83.000	15.50000	0.00000	0.00000
AAAAAAAAABGAAAAA	TN	0	64.000	35.08000	0.00000	3.15000
AAAAAAAAABGAAAAA		1	64.000	35.08000	0.00000	3.15000
AAAAAAAAABGBAAAA	TN	0	40.000	25.07000	0.00000	16.04000
AAAAAAAAABGBAAAA		1	40.000	25.07000	0.00000	16.04000
AAAAAAAAABGEAAAA	TN	0	39.500	56.76500	14.25500	36.00500
AAAAAAAAABGEAAAA		1	39.500	56.76500	14.25500	36.00500
AAAAAAAAABHAAAAA	TN	0	93.000	74.80000	0.00000	21.69000
AAAAAAAAABHAAAAA		1	93.000	74.80000	0.00000	21.69000
AAAAAAAAABHCAAAA	TN	0	31.500	79.83500	181.38000	61.93500
AAAAAAAAABHCAAAA		1	31.500	79.83500	181.38000	61.93500
AAAAAAAAABIBAAAA	TN	0	48.000	170.89000	0.00000	140.12000
AAAAAAAAABIBAAAA		1	48.000	170.89000	0.00000	140.12000
AAAAAAAAABJAAAAA	TN	0	46.500	82.32500	0.00000	44.98500
AAAAAAAAABJAAAAA		1	46.500	82.32500	0.00000	44.98500
AAAAAAAAABJBAAAA	TN	0	76.000	12.40000	0.00000	3.96000
AAAAAAAAABJBAAAA		1	76.000	12.40000	0.00000	3.96000
AAAAAAAAABJDAAAA	TN	0	34.000	118.50500	0.00000	61.20500
AAAAAAAAABJDAAAA		1	34.000	118.50500	0.00000	61.20500
AAAAAAAAABKAAAAA	TN	0	65.000	8.77500	0.00000	5.18000
AAAAAAAAABKAAAAA		1	65.000	8.77500	0.00000	5.18000
AAAAAAAAABKCAAAA	TN	0	26.000	51.57000	0.00000	41.25000
AAAAAAAAABKCAAAA		1	26.000	51.57000	0.00000	41.25000
AAAAAAAAABLBAAAA	TN	0	61.500	149.12000	0.00000	82.54000
AAAAAAAAABLBAAAA		1	61.500	149.12000	0.00000	82.54000
AAAAAAAAABMAAAAA	TN	0	14.000	109.97000	0.00000	10.99000
AAAAAAAAABMAAAAA		1	14.000	109.97000	0.00000	10.99000
