Atchison County	2000	0.80022122	0.24296409	11.94456038	3.16295390
Bacon County	2000	1.16882639	0.39403767	0.96879955	0.51074308
Bourbon County	2000	1.91311509	0.98192793	3.36480235	1.38012281
Boyd County	2000	1.08632395	0.81150652	1.16897234	0.74205710
Bradley County	2000	1.48963164	0.57578487	1.34438974	0.99891877
Buchanan County	2000	1.19566727	0.74604886	3.33290428	2.23978773
Carter County	2000	3.95373858	1.15103300	2.11928466	1.84449113
Cass County	2000	2.39871955	1.19058198	2.25716917	0.84780102
Corson County	2000	0.56030923	0.17508102	4.80740879	3.22714075
Crockett County	2000	1.63710645	0.36046806	2.13404230	1.83245133
Culpeper County	2000	0.66175108	0.61901444	1.65924813	1.22416906
Edmonson County	2000	0.73244218	0.29975334	1.60289705	1.49124567
Ferry County	2000	0.70137258	0.34101041	4.00291948	2.60346424
Fillmore County	2000	0.50776892	0.34992123	2.44316168	1.30113584
Forest County	2000	0.64474510	0.34236715	5.77102737	1.88107396
Gaston County	2000	0.76377359	0.45549557	3.95561128	2.14157209
Grant County	2000	0.69333591	0.62287007	1.78864440	1.72219698
Green County	2000	0.76366674	0.32149850	4.69415180	4.20703393
Harlan County	2000	1.67035452	1.59011463	2.47195880	2.10729424
Harris County	2000	2.33756878	0.33312643	2.41705788	1.02579422
Heard County	2000	4.10255426	1.26694737	3.50022796	1.12780400
Houston County	2000	2.04532581	1.03898262	1.96505101	1.42119328
Ingham County	2000	0.57439040	0.38411365	1.30651659	0.99206101
Lake County	2000	1.25507735	0.74592817	1.51514726	1.26566158
Lamar County	2000	0.74935757	0.74561687	4.26903583	2.02958382
Lincoln County	2000	1.01913659	0.94484497	2.33595982	1.77692774
Marion County	2000	1.15899867	0.91651142	2.44503996	1.85107282
Mercer County	2000	0.73834174	0.60167821	3.01245003	2.72447027
Meriwether County	2000	0.36574759	0.30041718	2.77227010	0.78776869
Miller County	2000	2.57574487	1.31827331	2.19196785	0.98221811
Mitchell County	2000	4.43923301	1.16133475	1.39403628	1.25607445
Mora County	2000	1.18326068	0.63565424	2.51312041	0.91856718
Nantucket County	2000	1.43789671	0.72269209	1.17548815	0.96230376
New Kent County	2000	0.60261619	0.39906221	2.86938640	2.62589484
Nicholas County	2000	2.16511620	2.05627395	6.02129981	1.26257658
Otero County	2000	2.75465527	1.24629886	2.97611082	2.24583465
Oxford County	2000	0.97314297	0.75724046	4.01268690	1.64075104
Perry County	2000	1.58078031	0.76445319	2.15336995	1.80241039
Prince William County	2000	3.37637294	0.63078730	1.70696673	0.93432375
Refugio County	2000	1.81297643	0.58673180	1.30198390	1.26960357
Rice County	2000	1.13469846	0.73301764	2.37814936	1.98640183
Richmond County	2000	1.57166529	1.29401499	2.30959201	1.77801574
Sheridan County	2000	1.38602993	1.25065704	1.57593627	0.53788608
Smith County	2000	0.63693574	0.42788183	5.74484457	4.47795842
Stark County	2000	7.33821959	1.41758912	1.86383953	1.22736578
Steele County	2000	1.37741334	0.76651250	1.24797336	0.93119537
Stone County	2000	1.90004219	0.81192032	3.69936111	1.52166195
Tooele County	2000	6.59030285	0.76891049	1.78863718	0.34006729
Vernon County	2000	0.97445433	0.91594620	1.36880362	1.04171186
Williamson County	2000	2.98510216	0.39141774	5.80596458	4.39669910
Wright County	2000	5.02933514	1.97080989	4.07652891	1.96647245

