AK	F	D	1	1	1	1	1.000	2	1	2	2	2.000	2	1	2	2	2.000
AK	F	D	5	1	5	5	5.000	3	1	3	3	3.000	3	1	3	3	3.000
AK	F	M	0	1	0	0	0.000	6	1	6	6	6.000	0	1	0	0	0.000
AK	F	M	4	1	4	4	4.000	2	1	2	2	2.000	0	1	0	0	0.000
AK	F	M	5	1	5	5	5.000	2	1	2	2	2.000	2	1	2	2	2.000
AK	F	S	2	1	2	2	2.000	3	1	3	3	3.000	0	1	0	0	0.000
AK	F	S	2	1	2	2	2.000	3	1	3	3	3.000	3	1	3	3	3.000
AK	F	S	2	1	2	2	2.000	5	1	5	5	5.000	2	1	2	2	2.000
AK	F	S	3	1	3	3	3.000	0	1	0	0	0.000	2	1	2	2	2.000
AK	F	S	4	1	4	4	4.000	1	1	1	1	1.000	6	1	6	6	6.000
AK	F	S	5	1	5	5	5.000	6	1	6	6	6.000	4	1	4	4	4.000
AK	F	S	6	1	6	6	6.000	2	1	2	2	2.000	4	1	4	4	4.000
AK	F	S	6	1	6	6	6.000	6	1	6	6	6.000	3	1	3	3	3.000
AK	F	U	1	1	1	1	1.000	5	1	5	5	5.000	1	1	1	1	1.000
AK	F	U	4	1	4	4	4.000	0	1	0	0	0.000	4	1	4	4	4.000
AK	F	U	5	1	5	5	5.000	2	1	2	2	2.000	5	1	5	5	5.000
AK	F	W	0	1	0	0	0.000	4	1	4	4	4.000	0	1	0	0	0.000
AK	F	W	1	1	1	1	1.000	1	1	1	1	1.000	4	1	4	4	4.000
AK	F	W	2	1	2	2	2.000	2	1	2	2	2.000	5	1	5	5	5.000
AK	F	W	4	1	4	4	4.000	2	1	2	2	2.000	2	1	2	2	2.000
AK	M	D	0	1	0	0	0.000	0	1	0	0	0.000	2	1	2	2	2.000
AK	M	D	0	1	0	0	0.000	5	1	5	5	5.000	4	1	4	4	4.000
AK	M	D	5	1	5	5	5.000	2	1	2	2	2.000	4	1	4	4	4.000
AK	M	D	6	1	6	6	6.000	3	1	3	3	3.000	6	1	6	6	6.000
AK	M	M	0	1	0	0	0.000	6	1	6	6	6.000	5	1	5	5	5.000
AK	M	M	3	1	3	3	3.000	3	1	3	3	3.000	1	1	1	1	1.000
AK	M	M	5	1	5	5	5.000	3	1	3	3	3.000	0	1	0	0	0.000
AK	M	S	0	1	0	0	0.000	2	1	2	2	2.000	4	1	4	4	4.000
AK	M	S	4	1	4	4	4.000	0	1	0	0	0.000	1	1	1	1	1.000
AK	M	S	4	1	4	4	4.000	0	1	0	0	0.000	4	1	4	4	4.000
AK	M	S	5	1	5	5	5.000	5	1	5	5	5.000	2	1	2	2	2.000
AK	M	U	0	1	0	0	0.000	3	1	3	3	3.000	5	1	5	5	5.000
AK	M	U	4	1	4	4	4.000	6	1	6	6	6.000	1	1	1	1	1.000
AK	M	W	0	1	0	0	0.000	6	1	6	6	6.000	2	1	2	2	2.000
AK	M	W	2	1	2	2	2.000	2	1	2	2	2.000	5	1	5	5	5.000
AK	M	W	2	1	2	2	2.000	4	1	4	4	4.000	6	1	6	6	6.000
AK	M	W	3	1	3	3	3.000	5	1	5	5	5.000	4	1	4	4	4.000
AK	M	W	4	1	4	4	4.000	6	1	6	6	6.000	3	1	3	3	3.000
AL	F	D	0	1	0	0	0.000	6	1	6	6	6.000	3	1	3	3	3.000
AL	F	D	2	1	2	2	2.000	0	1	0	0	0.000	6	1	6	6	6.000
AL	F	D	2	1	2	2	2.000	4	1	4	4	4.000	5	1	5	5	5.000
AL	F	D	2	1	2	2	2.000	6	1	6	6	6.000	3	1	3	3	3.000
AL	F	D	3	1	3	3	3.000	2	1	2	2	2.000	0	1	0	0	0.000
AL	F	D	4	1	4	4	4.000	6	1	6	6	6.000	6	1	6	6	6.000
AL	F	D	5	1	5	5	5.000	0	1	0	0	0.000	6	1	6	6	6.000
AL	F	D	5	1	5	5	5.000	2	1	2	2	2.000	5	1	5	5	5.000
AL	F	D	5	1	5	5	5.000	3	1	3	3	3.000	3	1	3	3	3.000
AL	F	D	5	1	5	5	5.000	4	1	4	4	4.000	1	1	1	1	1.000
AL	F	D	5	1	5	5	5.000	4	1	4	4	4.000	2	1	2	2	2.000
AL	F	M	0	1	0	0	0.000	3	1	3	3	3.000	3	1	3	3	3.000
AL	F	M	1	1	1	1	1.000	3	1	3	3	3.000	1	1	1	1	1.000
AL	F	M	1	1	1	1	1.000	3	1	3	3	3.000	3	1	3	3	3.000
AL	F	M	1	1	1	1	1.000	4	1	4	4	4.000	4	1	4	4	4.000
AL	F	M	1	1	1	1	1.000	6	1	6	6	6.000	1	1	1	1	1.000
AL	F	M	1	2	1	1	1.000	6	2	6	6	6.000	5	2	5	5	5.000
AL	F	M	2	1	2	2	2.000	0	1	0	0	0.000	1	1	1	1	1.000
AL	F	M	2	1	2	2	2.000	5	1	5	5	5.000	3	1	3	3	3.000
AL	F	M	3	1	3	3	3.000	3	1	3	3	3.000	0	1	0	0	0.000
AL	F	M	4	1	4	4	4.000	3	1	3	3	3.000	2	1	2	2	2.000
AL	F	M	4	1	4	4	4.000	6	1	6	6	6.000	3	1	3	3	3.000
AL	F	M	5	1	5	5	5.000	3	1	3	3	3.000	1	1	1	1	1.000
AL	F	M	5	1	5	5	5.000	5	1	5	5	5.000	6	1	6	6	6.000
AL	F	M	6	1	6	6	6.000	1	1	1	1	1.000	6	1	6	6	6.000
AL	F	M	6	1	6	6	6.000	3	1	3	3	3.000	4	1	4	4	4.000
AL	F	S	1	1	1	1	1.000	0	1	0	0	0.000	4	1	4	4	4.000
AL	F	S	2	1	2	2	2.000	1	1	1	1	1.000	3	1	3	3	3.000
AL	F	S	2	1	2	2	2.000	5	1	5	5	5.000	4	1	4	4	4.000
AL	F	S	2	1	2	2	2.000	5	1	5	5	5.000	5	1	5	5	5.000
AL	F	S	3	1	3	3	3.000	0	1	0	0	0.000	3	1	3	3	3.000
AL	F	S	3	1	3	3	3.000	2	1	2	2	2.000	3	1	3	3	3.000
AL	F	S	3	1	3	3	3.000	4	1	4	4	4.000	3	1	3	3	3.000
AL	F	S	3	1	3	3	3.000	4	1	4	4	4.000	4	1	4	4	4.000
AL	F	S	5	1	5	5	5.000	1	1	1	1	1.000	6	1	6	6	6.000
AL	F	U	0	2	0	0	0.000	1	2	1	1	1.000	1	2	1	1	1.000
AL	F	U	0	1	0	0	0.000	6	1	6	6	6.000	5	1	5	5	5.000
AL	F	U	1	1	1	1	1.000	1	1	1	1	1.000	1	1	1	1	1.000
AL	F	U	1	1	1	1	1.000	2	1	2	2	2.000	5	1	5	5	5.000
AL	F	U	1	1	1	1	1.000	3	1	3	3	3.000	2	1	2	2	2.000
AL	F	U	2	1	2	2	2.000	2	1	2	2	2.000	0	1	0	0	0.000
AL	F	U	5	1	5	5	5.000	6	1	6	6	6.000	1	1	1	1	1.000
AL	F	U	6	1	6	6	6.000	5	1	5	5	5.000	2	1	2	2	2.000
AL	F	W	1	1	1	1	1.000	1	1	1	1	1.000	1	1	1	1	1.000
AL	F	W	1	1	1	1	1.000	3	1	3	3	3.000	2	1	2	2	2.000
AL	F	W	1	1	1	1	1.000	4	1	4	4	4.000	3	1	3	3	3.000
AL	F	W	2	1	2	2	2.000	2	1	2	2	2.000	5	1	5	5	5.000
AL	F	W	3	1	3	3	3.000	1	1	1	1	1.000	5	1	5	5	5.000
AL	F	W	3	1	3	3	3.000	2	1	2	2	2.000	3	1	3	3	3.000
AL	F	W	4	1	4	4	4.000	3	1	3	3	3.000	4	1	4	4	4.000
AL	F	W	5	1	5	5	5.000	1	1	1	1	1.000	3	1	3	3	3.000
AL	F	W	5	1	5	5	5.000	1	1	1	1	1.000	6	1	6	6	6.000
AL	F	W	5	1	5	5	5.000	5	1	5	5	5.000	4	1	4	4	4.000
AL	F	W	5	1	5	5	5.000	6	1	6	6	6.000	0	1	0	0	0.000
AL	M	D	1	1	1	1	1.000	1	1	1	1	1.000	2	1	2	2	2.000
AL	M	D	3	1	3	3	3.000	3	1	3	3	3.000	3	1	3	3	3.000
AL	M	D	4	1	4	4	4.000	3	1	3	3	3.000	6	1	6	6	6.000
AL	M	D	5	1	5	5	5.000	0	1	0	0	0.000	2	1	2	2	2.000
AL	M	M	2	1	2	2	2.000	2	1	2	2	2.000	1	1	1	1	1.000
AL	M	M	2	1	2	2	2.000	2	1	2	2	2.000	2	1	2	2	2.000
AL	M	M	2	1	2	2	2.000	4	1	4	4	4.000	5	1	5	5	5.000
AL	M	M	2	1	2	2	2.000	6	1	6	6	6.000	0	1	0	0	0.000

