1	265	1	324.750	1.243839178	1	265	2	329.000	1.015158133
1	363	1	499.500	1.031941572	1	363	2	321.000	1.141176675
1	679	1	373.750	1.095549806	1	679	2	417.500	1.042970994
1	695	1	450.750	1.083588828	1	695	2	368.750	1.135649413
1	789	1	357.250	1.03450938	1	789	2	410.000	1.028422185
1	815	1	216.500	1.170227094	1	815	2	150.500	1.305728147
1	827	1	271.750	1.104689013	1	827	2	424.750	1.165319863
1	1041	1	382.500	1.2848084	1	1041	2	424.750	1.000577271
1	1569	1	212.000	1.63021352	1	1569	2	239.250	1.264151327
1	1623	1	338.250	1.128548328	1	1623	2	261.333	1.271782522
1	2581	1	448.500	1.060429041	1	2581	2	476.250	1.036298474
1	2705	1	246.250	1.012030836	1	2705	2	294.666	1.074215841
1	3131	1	393.750	1.003761398	1	3131	2	480.500	1.066914498
1	3291	1	374.500	1.195189833	1	3291	2	265.250	1.572972107
1	3687	1	279.750	1.426090908	1	3687	2	157.250	1.453434088
1	4955	1	495.250	1.031829615	1	4955	2	322.500	1.169384234
1	5627	1	282.750	1.565703237	1	5627	2	297.500	1.208428684
1	7017	1	175.500	1.042745422	1	7017	2	321.333	1.01833675
1	7317	1	366.333	1.025467337	1	7317	2	378.000	1.217251319
1	7569	1	430.500	1.087439685	1	7569	2	360.250	1.047005559
1	7999	1	166.250	1.792423171	1	7999	2	375.333	1.008093159
1	8319	1	306.750	1.161537804	1	8319	2	276.000	1.142099639
1	8443	1	327.750	1.256718374	1	8443	2	332.500	1.004416726
1	8583	1	319.500	1.024108893	1	8583	2	310.250	1.235881378
1	8591	1	398.000	1.147816869	1	8591	2	355.750	1.002447215
1	8611	1	300.500	1.519154518	1	8611	2	243.750	1.234212278
1	9081	1	367.000	1.087893214	1	9081	2	435.000	1.033053078
1	9357	1	351.666	1.190294519	1	9357	2	427.000	1.043858303
1	9449	1	406.250	1.01831831	1	9449	2	175.000	1.05447798
1	9713	1	242.500	1.103504436	1	9713	2	393.000	1.208474609
1	9809	1	479.000	1.018960251	1	9809	2	317.500	1.061414207
1	9993	1	417.750	1.009983267	1	9993	2	204.500	1.552870745
1	10127	1	239.750	1.056177059	1	10127	2	359.250	1.18579804
1	11159	1	407.250	1.078550715	1	11159	2	250.000	1.334757906
1	11277	1	211.250	1.261585828	1	11277	2	330.750	1.080876795
1	11937	1	344.500	1.085804027	1	11937	2	200.333	1.063854477
1	12373	1	387.750	1.101490482	1	12373	2	306.000	1.076174439
1	12471	1	365.250	1.060757018	1	12471	2	327.250	1.054756058
1	12625	1	279.000	1.301656054	1	12625	2	443.250	1.060495884
1	12751	1	280.750	1.108330579	1	12751	2	369.333	1.341651651
1	12779	1	331.000	1.041690207	1	12779	2	359.000	1.028978056
1	13077	1	367.666	1.345526344	1	13077	2	358.666	1.513245719
1	13191	1	260.250	1.063569632	1	13191	2	405.000	1.019799917
1	13561	1	335.250	1.260961696	1	13561	2	240.000	1.05136045
1	13935	1	311.750	1.03992897	1	13935	2	275.000	1.036752718
1	14687	1	358.000	1.436935692	1	14687	2	187.000	1.549363153
1	14719	1	209.000	1.041150964	1	14719	2	489.000	1.376616883
1	15345	1	148.500	1.529578404	1	15345	2	246.500	1.508798775
1	15427	1	482.750	1.012423893	1	15427	2	333.250	1.272477013
1	15647	1	201.666	1.285797438	1	15647	2	249.250	1.364817299
1	16079	1	280.500	1.244475742	1	16079	2	361.250	1.07378057
1	16223	1	245.666	1.060117772	1	16223	2	412.666	1.067124831
1	16289	1	171.000	1.087263314	1	16289	2	316.500	1.369530669
1	16451	1	300.000	1.251650762	1	16451	2	467.500	1.296236388
1	17051	1	349.750	1.134642382	1	17051	2	319.750	1.03793549
2	71	1	221.500	1.563974108	2	71	2	309.000	1.49170579
2	833	1	363.333	1.042282336	2	833	2	158.750	1.213089174
2	969	1	282.000	1.137434034	2	969	2	386.000	1.137100119
2	1401	1	249.000	1.320623769	2	1401	2	296.666	1.286815085
2	1681	1	337.750	1.052156599	2	1681	2	252.750	1.031791069
2	1991	1	356.000	1.133679005	2	1991	2	273.250	1.332419642
2	2031	1	407.500	1.020987683	2	2031	2	418.750	1.005338863
2	2481	1	319.750	1.116026661	2	2481	2	378.333	1.059719461
2	2725	1	349.750	1.114870492	2	2725	2	265.666	1.546301095
2	3073	1	385.000	1.102084584	2	3073	2	231.750	1.088498906
2	3769	1	334.000	1.195429661	2	3769	2	335.000	1.049464958
2	4085	1	327.750	1.100541387	2	4085	2	281.750	1.018760806
2	4995	1	282.250	1.260418333	2	4995	2	248.000	1.254822902
2	5099	1	418.666	1.06809179	2	5099	2	428.666	1.035238888
2	5211	1	157.000	1.069551743	2	5211	2	270.250	1.194020081
2	5769	1	341.250	1.27231327	2	5769	2	267.000	1.181579185
2	6103	1	194.333	1.516069618	2	6103	2	158.500	1.274369864
2	6243	1	168.500	1.07321081	2	6243	2	386.750	1.083290261
2	6489	1	268.000	1.695637237	2	6489	2	389.000	1.410578052
2	6585	1	183.750	1.115193758	2	6585	2	353.750	1.093970715
2	6767	1	341.000	1.093163984	2	6767	2	235.000	1.139954386
2	7411	1	460.000	1.062829326	2	7411	2	297.500	1.000576535
2	8489	1	126.750	1.341646296	2	8489	2	398.250	1.004112484
2	8633	1	218.500	1.464518974	2	8633	2	230.250	1.311696301
2	8807	1	417.250	1.025811293	2	8807	2	356.250	1.107973063
2	8883	1	249.250	1.111227178	2	8883	2	189.250	1.010075485
2	9253	1	413.333	1.160666931	2	9253	2	465.000	1.024244582
2	9467	1	108.250	1.091122389	2	9467	2	107.000	1.030922036
2	9561	1	190.500	1.030303251	2	9561	2	271.000	1.205834954
2	9575	1	452.500	1.049449223	2	9575	2	155.750	1.153405669
2	9903	1	322.750	1.076108006	2	9903	2	387.333	1.261241763
2	10535	1	324.333	1.05711149	2	10535	2	310.250	1.0040635
2	10955	1	356.000	1.158281331	2	10955	2	339.000	1.070253214
2	12089	1	212.000	1.082750115	2	12089	2	173.333	1.073983281
2	12633	1	402.750	1.007136208	2	12633	2	367.000	1.127053564
2	12765	1	308.000	1.118847688	2	12765	2	347.000	1.157174459
2	13077	1	277.000	1.232336085	2	13077	2	223.500	1.139400345
2	13687	1	361.250	1.010734166	2	13687	2	468.250	1.009842918
2	14025	1	371.750	1.015013608	2	14025	2	141.000	1.254317026
2	14117	1	298.500	1.025123803	2	14117	2	220.250	1.415268447
2	14347	1	366.000	1.032789295	2	14347	2	369.750	1.01857399
2	14697	1	397.750	1.008120542	2	14697	2	328.750	1.160849558
2	14987	1	146.750	1.029004064	2	14987	2	436.500	1.044768154
2	15321	1	527.000	1.210266255	2	15321	2	298.750	1.130909841
2	15347	1	243.000	1.22262398	2	15347	2	310.750	1.203658485
2	15533	1	223.000	1.096511133	2	15533	2	330.000	1.496748849
2	15839	1	353.000	1.506368444	2	15839	2	255.500	1.236239318
2	16107	1	376.000	1.013324631	2	16107	2	364.750	1.068867798
2	16749	1	200.000	1.094470953	2	16749	2	438.250	1.036064662
2	17329	1	321.333	1.309329305	2	17329	2	490.250	1.075658065
2	17417	1	321.750	1.13067648	2	17417	2	534.000	1.001072522
3	1049	1	252.500	1.10906411	3	1049	2	457.250	1.023984125
3	1415	1	247.500	1.132161779	3	1415	2	369.750	1.095467956
3	2199	1	185.750	1.202812557	3	2199	2	300.750	1.076784506
3	2403	1	270.750	1.325870568	3	2403	2	384.000	1.090398718
3	2541	1	364.750	1.079213526	3	2541	2	550.500	1.054558887
3	2727	1	303.750	1.0301647	3	2727	2	219.250	1.382209183
3	3207	1	383.750	1.085458803	3	3207	2	258.250	1.211339248
3	3373	1	404.500	1.014337414	3	3373	2	171.250	1.285665397
3	3969	1	234.250	1.042283179	3	3969	2	217.250	1.421549065
3	4407	1	438.500	1.065666355	3	4407	2	330.750	1.024440397
3	6051	1	289.750	1.263888088	3	6051	2	439.000	1.104576925
3	6521	1	381.000	1.001568292	3	6521	2	437.750	1.036514933
3	6691	1	377.000	1.109073729	3	6691	2	380.500	1.058130125
3	6757	1	282.500	1.089500939	3	6757	2	345.250	1.226382875
3	6915	1	420.666	1.046836223	3	6915	2	292.500	1.250617107
3	7207	1	329.666	1.595451442	3	7207	2	414.500	1.017919708
3	7889	1	318.500	1.287903005	3	7889	2	291.333	1.004293681
3	8559	1	356.250	1.006519346	3	8559	2	393.500	1.012883165
3	8829	1	364.250	1.079285226	3	8829	2	350.250	1.113391224
3	9555	1	377.000	1.130846933	3	9555	2	444.750	1.017158818
3	9623	1	331.333	1.155130089	3	9623	2	284.666	1.030374856
3	9813	1	343.750	1.051695375	3	9813	2	384.666	1.081502465
3	9881	1	351.500	1.178882055	3	9881	2	287.750	1.090938609
3	10035	1	378.250	1.021639951	3	10035	2	364.250	1.156792265
3	10509	1	420.250	1.05486269	3	10509	2	368.250	1.182063336
3	10547	1	182.333	1.532566953	3	10547	2	320.250	1.302441844
3	10743	1	233.250	1.279302235	3	10743	2	110.250	1.107204634
3	11477	1	264.250	1.095353	3	11477	2	278.500	1.032790982
3	11959	1	358.000	1.068483525	3	11959	2	268.500	1.00898568
3	12043	1	169.250	1.033093809	3	12043	2	377.250	1.01619625
3	12157	1	326.333	1.002232891	3	12157	2	396.333	1.02878267
3	12433	1	199.750	1.307258924	3	12433	2	478.500	1.016474207
3	12867	1	278.250	1.640380012	3	12867	2	350.750	1.200693332
3	13499	1	281.000	1.143196546	3	13499	2	446.750	1.033152026
3	14589	1	266.500	1.114324392	3	14589	2	334.333	1.145315824
3	15207	1	300.250	1.484461126	3	15207	2	564.000	1.000480871
3	15395	1	258.250	1.05138769	3	15395	2	307.500	1.138225319
3	15973	1	477.500	1.203932593	3	15973	2	286.000	1.287229424
3	16233	1	260.666	1.120426416	3	16233	2	210.500	1.178814334
3	16267	1	456.000	1.004226347	3	16267	2	364.333	1.481886899
3	16605	1	394.250	1.113741357	3	16605	2	296.250	1.288589266
3	16949	1	155.750	1.118617729	3	16949	2	229.500	1.02894692
3	17319	1	364.750	1.270936445	3	17319	2	359.250	1.157875143
4	947	1	247.500	1.693318181	4	947	2	203.333	1.205435121
4	1895	1	354.750	1.239734154	4	1895	2	383.750	1.089307699
4	3429	1	358.500	1.066559335	4	3429	2	346.000	1.25194893
4	4559	1	215.000	1.24323299	4	4559	2	360.750	1.033354586
4	4773	1	328.250	1.050983659	4	4773	2	330.500	1.00625806
4	4885	1	151.000	1.320557035	4	4885	2	377.250	1.048903524
4	4915	1	289.250	1.086392949	4	4915	2	368.000	1.069658555
4	5043	1	476.000	1.015596428	4	5043	2	244.250	1.356289369
4	5095	1	334.000	1.225886129	4	5095	2	390.250	1.062178806
4	5193	1	263.333	1.250172537	4	5193	2	323.000	1.09796162
4	5975	1	434.000	1.023361445	4	5975	2	359.750	1.19793569
4	6251	1	285.000	1.121538026	4	6251	2	335.500	1.160219252
4	6389	1	280.750	1.204923609	4	6389	2	259.333	1.481656962
4	6487	1	452.750	1.07106266	4	6487	2	350.500	1.171647569
4	6619	1	430.000	1.000726255	4	6619	2	226.250	1.548557451
4	7191	1	260.750	1.001266684	4	7191	2	195.250	1.537267552
4	7427	1	239.500	1.418356714	4	7427	2	373.250	1.042979198
4	8453	1	314.750	1.025971491	4	8453	2	376.750	1.009902393
4	8781	1	518.500	1.100549995	4	8781	2	521.000	1.12377047
4	9571	1	314.000	1.216857824	4	9571	2	309.000	1.089216739
4	9587	1	248.000	1.498188726	4	9587	2	248.000	1.006498784
4	10333	1	321.000	1.148610706	4	10333	2	317.000	1.046922632
4	10969	1	186.666	1.104424561	4	10969	2	307.000	1.109476411
4	10993	1	446.000	1.009237632	4	10993	2	206.666	1.235537338
4	11571	1	342.500	1.142628399	4	11571	2	304.666	1.031996581
4	11979	1	225.333	1.467067786	4	11979	2	438.250	1.138992699
4	13409	1	312.333	1.342751684	4	13409	2	336.250	1.10819783
4	13443	1	417.750	1.021779608	4	13443	2	334.000	1.307643085
4	13567	1	271.500	1.008762162	4	13567	2	370.000	1.455768606
4	13683	1	318.750	1.014982773	4	13683	2	363.500	1.078115458
4	14143	1	367.000	1.044179944	4	14143	2	290.000	1.193306075
4	14401	1	342.750	1.183655904	4	14401	2	344.250	1.206708312
4	14693	1	447.250	1.051667491	4	14693	2	498.000	1.351738264
4	14877	1	414.333	1.17077333	4	14877	2	282.500	1.583058294
4	15063	1	378.250	1.112819259	4	15063	2	444.000	1.063277769
4	15275	1	335.500	1.153638294	4	15275	2	292.666	1.297834324
4	15509	1	296.333	1.024675206	4	15509	2	317.666	1.447039493
4	15969	1	423.000	1.04728755	4	15969	2	342.500	1.251176937
4	16627	1	485.500	1.01514609	4	16627	2	161.250	1.353325273
4	16641	1	521.500	1.105066206	4	16641	2	221.500	1.030859051
4	16751	1	549.500	1.082214382	4	16751	2	223.333	1.337791757
5	75	1	333.000	1.265631876	5	75	2	226.000	1.035807851
5	125	1	441.666	1.095973112	5	125	2	331.500	1.008114829
5	431	1	159.000	1.106179475	5	431	2	304.000	1.122422537
5	671	1	403.333	1.005602246	5	671	2	281.333	1.336685106
5	745	1	466.750	1.010906553	5	745	2	351.000	1.114721288
5	1701	1	374.000	1.086445817	5	1701	2	385.000	1.33063087
5	2521	1	360.750	1.099248234	5	2521	2	265.500	1.172407769
5	2855	1	406.000	1.403763708	5	2855	2	183.250	1.066224991
5	3137	1	271.250	1.575453221	5	3137	2	380.000	1.083420339
5	3279	1	299.500	1.053669716	5	3279	2	276.750	1.445887809
5	3467	1	294.000	1.147729464	5	3467	2	349.666	1.167424595
5	4463	1	338.000	1.069932008	5	4463	2	273.500	1.236979732
5	4719	1	340.500	1.05718578	5	4719	2	423.666	1.025501634
5	4739	1	281.333	1.024298365	5	4739	2	383.500	1.033433739
5	4839	1	310.250	1.035903441	5	4839	2	232.000	1.295419382
5	4979	1	359.500	1.104640807	5	4979	2	323.750	1.170425095
5	5401	1	219.250	1.277387024	5	5401	2	203.000	1.091567521
5	5635	1	370.000	1.022705464	5	5635	2	351.666	1.377769058
5	5797	1	403.000	1.023488229	5	5797	2	457.500	1.00370401
5	5901	1	360.250	1.125963127	5	5901	2	376.000	1.009503843
5	6129	1	419.250	1.016918017	5	6129	2	359.500	1.047888939
5	6213	1	351.666	1.205623539	5	6213	2	361.500	1.116840806
5	6479	1	301.333	1.278002459	5	6479	2	395.750	1.177974355
5	7333	1	227.000	1.4611346	5	7333	2	243.750	1.17891625
5	7923	1	358.000	1.104677091	5	7923	2	342.333	1.160779243
5	8737	1	217.250	1.07421364	5	8737	2	403.500	1.04420805
5	8945	1	344.250	1.141483766	5	8945	2	298.000	1.000836699
5	8993	1	399.000	1.187372289	5	8993	2	371.750	1.13163538
5	10667	1	288.000	1.345364018	5	10667	2	289.500	1.095223801
5	10771	1	394.750	1.048068013	5	10771	2	323.250	1.237734882
5	10949	1	383.000	1.112567737	5	10949	2	378.250	1.12554061
5	11107	1	446.500	1.265348977	5	11107	2	258.500	1.553612564
5	11795	1	395.500	1.010447317	5	11795	2	430.750	1.131062589
5	12017	1	347.750	1.16823794	5	12017	2	308.000	1.159322797
5	12027	1	456.250	1.026294007	5	12027	2	390.333	1.114277961
5	13583	1	430.333	1.042384736	5	13583	2	256.250	1.541034828
5	13651	1	272.333	1.169524556	5	13651	2	330.500	1.190187353
5	13783	1	419.500	1.05846997	5	13783	2	339.500	1.068090951
5	13859	1	318.000	1.142223904	5	13859	2	380.250	1.056449624
5	14537	1	206.000	1.228344	5	14537	2	357.750	1.038798268
5	15309	1	276.333	1.298760625	5	15309	2	409.000	1.010240625
5	15883	1	385.333	1.012478628	5	15883	2	173.250	1.356223825
5	15935	1	293.500	1.018765941	5	15935	2	271.250	1.400094752
5	15949	1	241.500	1.148665987	5	15949	2	235.000	1.407288793
5	16037	1	327.250	1.130761732	5	16037	2	412.666	1.183021927
5	16291	1	380.500	1.054959503	5	16291	2	411.666	1.034923075
5	16459	1	370.000	1.275649908	5	16459	2	265.750	1.298819169
5	16901	1	305.250	1.104301053	5	16901	2	186.500	1.023126928
5	17199	1	376.500	1.103896977	5	17199	2	374.000	1.087303117
5	17387	1	298.333	1.384875719	5	17387	2	327.666	1.36709036
5	17717	1	283.750	1.155715657	5	17717	2	235.250	1.141623935
5	17927	1	217.500	1.35499643	5	17927	2	250.750	1.070921306
5	17943	1	209.750	1.371707134	5	17943	2	428.000	1.109079935

