1	1569	1	212.000	1.63021352	1	1569	2	239.250	1.264151327
1	5627	1	282.750	1.565703237	1	5627	2	297.500	1.208428684
1	7999	1	166.250	1.792423171	1	7999	2	375.333	1.008093159
1	8611	1	300.500	1.519154518	1	8611	2	243.750	1.234212278
1	15345	1	148.500	1.529578404	1	15345	2	246.500	1.508798775
2	71	1	221.500	1.563974108	2	71	2	309.000	1.49170579
2	6103	1	194.333	1.516069618	2	6103	2	158.500	1.274369864
2	6489	1	268.000	1.695637237	2	6489	2	389.000	1.410578052
2	15839	1	353.000	1.506368444	2	15839	2	255.500	1.236239318
3	7207	1	329.666	1.595451442	3	7207	2	414.500	1.017919708
3	10547	1	182.333	1.532566953	3	10547	2	320.250	1.302441844
3	12867	1	278.250	1.640380012	3	12867	2	350.750	1.200693332
4	947	1	247.500	1.693318181	4	947	2	203.333	1.205435121
5	3137	1	271.250	1.575453221	5	3137	2	380.000	1.083420339

