catalog	17543	0.5714285714	1	1
catalog	14513	0.6354166667	2	2
catalog	12577	0.6559139785	3	3
catalog	3411	0.7164179104	4	4
catalog	361	0.7464788732	5	5
catalog	8189	0.7469879518	6	6
catalog	8929	0.7625000000	7	7
catalog	14869	0.7717391304	8	8
catalog	9295	0.7789473684	9	9
catalog	16215	0.7906976744	10	10
store	9471	0.7750000000	1	1
store	9797	0.8000000000	2	2
store	12641	0.8160919540	3	3
store	15839	0.8163265306	4	4
store	1171	0.8241758242	5	5
store	11589	0.8265306122	6	6
store	6661	0.9220779221	7	7
store	13013	0.9420289855	8	8
store	14925	0.9647058824	9	9
store	4063	1.0000000000	10	10
store	9029	1.0000000000	10	10
web	7539	0.5900000000	1	1
web	3337	0.6265060241	2	2
web	15597	0.6619718310	3	3
web	2915	0.6986301370	4	4
web	11933	0.7171717172	5	5
web	3305	0.7375000000	6	16
web	483	0.8000000000	7	6
web	85	0.8571428571	8	7
web	97	0.9036144578	9	8
web	117	0.9250000000	10	9
web	5299	0.9270833333	11	10

