30	165.67	340.63500
30	247.07	340.63500
30	627.63	340.63500
619	158.76	348.64000
619	210.81	348.64000
619	464.26	348.64000
619	560.73	348.64000
271	79.26	354.33000
271	86.87	354.33000
271	179.61	354.33000
271	1071.58	354.33000
827	82.44	356.59000
827	320.05	356.59000
827	666.52	356.59000
296	188.61	369.12500
296	265.76	369.12500
296	655.24	369.12500
308	200.28	385.98250
308	214.07	385.98250
308	489.17	385.98250
308	640.41	385.98250
486	178.80	400.53000
486	455.08	400.53000
486	468.01	400.53000
486	500.23	400.53000
554	191.48	407.97500
554	346.80	407.97500
554	660.97	407.97500
208	151.84	410.38500
208	207.02	410.38500
208	533.75	410.38500
208	748.93	410.38500
662	199.83	412.13500
662	300.61	412.13500
662	460.94	412.13500
662	687.16	412.13500
394	264.65	413.40500
394	272.02	413.40500
394	674.12	413.40500
221	183.63	416.08250
221	534.62	416.08250
221	552.44	416.08250
621	232.20	418.11500
621	624.80	418.11500
507	76.98	419.46500
507	505.36	419.46500
507	644.24	419.46500
316	36.25	423.03500
316	158.85	423.03500
316	697.32	423.03500
316	799.72	423.03500
56	110.81	423.09750
56	371.77	423.09750
56	500.77	423.09750
56	709.04	423.09750
517	194.87	426.28750
517	313.41	426.28750
517	482.41	426.28750
517	714.46	426.28750
411	364.09	426.89250
411	519.60	426.89250
247	313.42	427.68250
247	353.08	427.68250
247	628.37	427.68250
652	228.75	434.75250
652	314.98	434.75250
652	365.90	434.75250
652	829.38	434.75250
129	301.69	436.45250
129	325.26	436.45250
129	550.47	436.45250
129	568.39	436.45250
99	164.24	438.66750
99	183.75	438.66750
99	393.58	438.66750
99	1013.10	438.66750
235	111.64	441.03000
235	179.51	441.03000
235	493.83	441.03000
235	979.14	441.03000
360	143.83	445.41500
360	293.99	445.41500
360	928.51	445.41500
732	106.56	447.06500
732	300.77	447.06500
732	498.49	447.06500
732	882.44	447.06500
190	202.77	451.98250
190	233.10	451.98250
190	358.97	451.98250
190	1013.09	451.98250
147	212.53	455.89250
147	366.10	455.89250
147	553.92	455.89250
147	691.02	455.89250
665	283.25	456.08750
665	357.22	456.08750
665	691.20	456.08750
85	325.28	456.28000
85	350.10	456.28000

