able	AAAAAAAACAAAAAAA	5271	1.36265188	3.08639563	0.32208852	0.48042360	1.14163248	0.75984069	1.84548617
able	AAAAAAAACAAAAAAA	5271	1.36265188	3.08639563	0.32208852	0.48042360	1.14163248	0.75984069	1.84548617
able	AAAAAAAACAAAAAAA	5271	1.36265188	3.08639563	0.32208852	0.48042360	1.14163248	0.75984069	1.84548617
able	AAAAAAAACAAAAAAA	5271	1.36265188	3.08639563	0.32208852	0.48042360	1.14163248	0.75984069	1.84548617
able	AAAAAAAACAAAAAAA	5271	1.36265188	3.08639563	0.32208852	0.48042360	1.14163248	0.75984069	1.84548617
able	AAAAAAAACAAAAAAA	5271	1.36265188	3.08639563	0.32208852	0.48042360	1.14163248	0.75984069	1.84548617
able	AAAAAAAACAAAAAAA	5271	1.36265188	3.08639563	0.32208852	0.48042360	1.14163248	0.75984069	1.84548617
able	AAAAAAAACAAAAAAA	5271	1.36265188	3.08639563	0.32208852	0.48042360	1.14163248	0.75984069	1.84548617
able	AAAAAAAACAAAAAAA	5271	1.36265188	3.08639563	0.32208852	0.48042360	1.14163248	0.75984069	1.84548617
able	AAAAAAAACAAAAAAA	5271	1.36265188	3.08639563	0.32208852	0.48042360	1.14163248	0.75984069	1.84548617
able	AAAAAAAACAAAAAAA	5271	1.36265188	3.08639563	0.32208852	0.48042360	1.14163248	0.75984069	1.84548617
able	AAAAAAAACAAAAAAA	5271	1.36265188	3.08639563	0.32208852	0.48042360	1.14163248	0.75984069	1.84548617
able	AAAAAAAACAAAAAAA	5271	1.36265188	3.08639563	0.32208852	0.48042360	1.14163248	0.75984069	1.84548617
able	AAAAAAAACAAAAAAA	5271	1.36265188	3.08639563	0.32208852	0.48042360	1.14163248	0.75984069	1.84548617
able	AAAAAAAACAAAAAAA	5271	1.36265188	3.08639563	0.32208852	0.48042360	1.14163248	0.75984069	1.84548617
able	AAAAAAAACAAAAAAA	5271	1.36265188	3.08639563	0.32208852	0.48042360	1.14163248	0.75984069	1.84548617
able	AAAAAAAACAAAAAAA	5271	1.36265188	3.08639563	0.32208852	0.48042360	1.14163248	0.75984069	1.84548617
able	AAAAAAAACAAAAAAA	5271	1.36265188	3.08639563	0.32208852	0.48042360	1.14163248	0.75984069	1.84548617
able	AAAAAAAACAAAAAAA	5271	1.36265188	3.08639563	0.32208852	0.48042360	1.14163248	0.75984069	1.84548617
able	AAAAAAAACAAAAAAA	5271	1.36265188	3.08639563	0.32208852	0.48042360	1.14163248	0.75984069	1.84548617
able	AAAAAAAACAAAAAAA	5271	1.36265188	3.08639563	0.32208852	0.48042360	1.14163248	0.75984069	1.84548617
able	AAAAAAAACAAAAAAA	5271	1.36265188	3.08639563	0.32208852	0.48042360	1.14163248	0.75984069	1.84548617
able	AAAAAAAACAAAAAAA	5271	1.36265188	3.08639563	0.32208852	0.48042360	1.14163248	0.75984069	1.84548617
able	AAAAAAAACAAAAAAA	5271	1.36265188	3.08639563	0.32208852	0.48042360	1.14163248	0.75984069	1.84548617
able	AAAAAAAACAAAAAAA	5271	1.36265188	3.08639563	0.32208852	0.48042360	1.14163248	0.75984069	1.84548617
able	AAAAAAAACAAAAAAA	5271	1.36265188	3.08639563	0.32208852	0.48042360	1.14163248	0.75984069	1.84548617
able	AAAAAAAACAAAAAAA	5271	1.36265188	3.08639563	0.32208852	0.48042360	1.14163248	0.75984069	1.84548617
able	AAAAAAAACAAAAAAA	5271	1.36265188	3.08639563	0.32208852	0.48042360	1.14163248	0.75984069	1.84548617
able	AAAAAAAACAAAAAAA	5271	1.36265188	3.08639563	0.32208852	0.48042360	1.14163248	0.75984069	1.84548617
able	AAAAAAAACAAAAAAA	5271	1.36265188	3.08639563	0.32208852	0.48042360	1.14163248	0.75984069	1.84548617
able	AAAAAAAACAAAAAAA	5271	1.36265188	3.08639563	0.32208852	0.48042360	1.14163248	0.75984069	1.84548617
able	AAAAAAAACAAAAAAA	5271	1.36265188	3.08639563	0.32208852	0.48042360	1.14163248	0.75984069	1.84548617
able	AAAAAAAACAAAAAAA	5271	1.36265188	3.08639563	0.32208852	0.48042360	1.14163248	0.75984069	1.84548617
able	AAAAAAAACAAAAAAA	5271	1.36265188	3.08639563	0.32208852	0.48042360	1.14163248	0.75984069	1.84548617
able	AAAAAAAACAAAAAAA	5271	1.36265188	3.08639563	0.32208852	0.48042360	1.14163248	0.75984069	1.84548617
able	AAAAAAAACAAAAAAA	5271	1.36265188	3.08639563	0.32208852	0.48042360	1.14163248	0.75984069	1.84548617
able	AAAAAAAACAAAAAAA	5271	1.36265188	3.08639563	0.32208852	0.48042360	1.14163248	0.75984069	1.84548617
able	AAAAAAAACAAAAAAA	5271	1.36265188	3.08639563	0.32208852	0.48042360	1.14163248	0.75984069	1.84548617
able	AAAAAAAACAAAAAAA	5271	1.36265188	3.08639563	0.32208852	0.48042360	1.14163248	0.75984069	1.84548617
able	AAAAAAAACAAAAAAA	5271	1.36265188	3.08639563	0.32208852	0.48042360	1.14163248	0.75984069	1.84548617
able	AAAAAAAACAAAAAAA	5271	1.36265188	3.08639563	0.32208852	0.48042360	1.14163248	0.75984069	1.84548617
able	AAAAAAAACAAAAAAA	5271	1.36265188	3.08639563	0.32208852	0.48042360	1.14163248	0.75984069	1.84548617
able	AAAAAAAACAAAAAAA	5271	1.36265188	3.08639563	0.32208852	0.48042360	1.14163248	0.75984069	1.84548617
able	AAAAAAAACAAAAAAA	5271	1.36265188	3.08639563	0.32208852	0.48042360	1.14163248	0.75984069	1.84548617
able	AAAAAAAACAAAAAAA	5271	1.36265188	3.08639563	0.32208852	0.48042360	1.14163248	0.75984069	1.84548617
able	AAAAAAAACAAAAAAA	5271	1.36265188	3.08639563	0.32208852	0.48042360	1.14163248	0.75984069	1.84548617
able	AAAAAAAACAAAAAAA	5271	1.36265188	3.08639563	0.32208852	0.48042360	1.14163248	0.75984069	1.84548617
able	AAAAAAAACAAAAAAA	5271	1.36265188	3.08639563	0.32208852	0.48042360	1.14163248	0.75984069	1.84548617
able	AAAAAAAACAAAAAAA	5271	1.36265188	3.08639563	0.32208852	0.48042360	1.14163248	0.75984069	1.84548617
able	AAAAAAAACAAAAAAA	5272	1.09689573	0.75834762	0.68000725	0.98738612	1.00343722	1.33354788	0.99233802
able	AAAAAAAACAAAAAAA	5272	1.09689573	0.75834762	0.68000725	0.98738612	1.00343722	1.33354788	0.99233802
able	AAAAAAAACAAAAAAA	5272	1.09689573	0.75834762	0.68000725	0.98738612	1.00343722	1.33354788	0.99233802
able	AAAAAAAACAAAAAAA	5272	1.09689573	0.75834762	0.68000725	0.98738612	1.00343722	1.33354788	0.99233802
able	AAAAAAAACAAAAAAA	5272	1.09689573	0.75834762	0.68000725	0.98738612	1.00343722	1.33354788	0.99233802
able	AAAAAAAACAAAAAAA	5272	1.09689573	0.75834762	0.68000725	0.98738612	1.00343722	1.33354788	0.99233802
able	AAAAAAAACAAAAAAA	5272	1.09689573	0.75834762	0.68000725	0.98738612	1.00343722	1.33354788	0.99233802
able	AAAAAAAACAAAAAAA	5272	1.09689573	0.75834762	0.68000725	0.98738612	1.00343722	1.33354788	0.99233802
able	AAAAAAAACAAAAAAA	5272	1.09689573	0.75834762	0.68000725	0.98738612	1.00343722	1.33354788	0.99233802
able	AAAAAAAACAAAAAAA	5272	1.09689573	0.75834762	0.68000725	0.98738612	1.00343722	1.33354788	0.99233802
able	AAAAAAAACAAAAAAA	5272	1.09689573	0.75834762	0.68000725	0.98738612	1.00343722	1.33354788	0.99233802
able	AAAAAAAACAAAAAAA	5272	1.09689573	0.75834762	0.68000725	0.98738612	1.00343722	1.33354788	0.99233802
able	AAAAAAAACAAAAAAA	5272	1.09689573	0.75834762	0.68000725	0.98738612	1.00343722	1.33354788	0.99233802
able	AAAAAAAACAAAAAAA	5272	1.09689573	0.75834762	0.68000725	0.98738612	1.00343722	1.33354788	0.99233802
able	AAAAAAAACAAAAAAA	5272	1.09689573	0.75834762	0.68000725	0.98738612	1.00343722	1.33354788	0.99233802
able	AAAAAAAACAAAAAAA	5272	1.09689573	0.75834762	0.68000725	0.98738612	1.00343722	1.33354788	0.99233802
able	AAAAAAAACAAAAAAA	5272	1.09689573	0.75834762	0.68000725	0.98738612	1.00343722	1.33354788	0.99233802
able	AAAAAAAACAAAAAAA	5272	1.09689573	0.75834762	0.68000725	0.98738612	1.00343722	1.33354788	0.99233802
able	AAAAAAAACAAAAAAA	5272	1.09689573	0.75834762	0.68000725	0.98738612	1.00343722	1.33354788	0.99233802
able	AAAAAAAACAAAAAAA	5272	1.09689573	0.75834762	0.68000725	0.98738612	1.00343722	1.33354788	0.99233802
able	AAAAAAAACAAAAAAA	5272	1.09689573	0.75834762	0.68000725	0.98738612	1.00343722	1.33354788	0.99233802
able	AAAAAAAACAAAAAAA	5272	1.09689573	0.75834762	0.68000725	0.98738612	1.00343722	1.33354788	0.99233802
able	AAAAAAAACAAAAAAA	5272	1.09689573	0.75834762	0.68000725	0.98738612	1.00343722	1.33354788	0.99233802
able	AAAAAAAACAAAAAAA	5272	1.09689573	0.75834762	0.68000725	0.98738612	1.00343722	1.33354788	0.99233802
able	AAAAAAAACAAAAAAA	5272	1.09689573	0.75834762	0.68000725	0.98738612	1.00343722	1.33354788	0.99233802
able	AAAAAAAACAAAAAAA	5272	1.09689573	0.75834762	0.68000725	0.98738612	1.00343722	1.33354788	0.99233802
able	AAAAAAAACAAAAAAA	5272	1.09689573	0.75834762	0.68000725	0.98738612	1.00343722	1.33354788	0.99233802
able	AAAAAAAACAAAAAAA	5272	1.09689573	0.75834762	0.68000725	0.98738612	1.00343722	1.33354788	0.99233802
able	AAAAAAAACAAAAAAA	5272	1.09689573	0.75834762	0.68000725	0.98738612	1.00343722	1.33354788	0.99233802
able	AAAAAAAACAAAAAAA	5272	1.09689573	0.75834762	0.68000725	0.98738612	1.00343722	1.33354788	0.99233802
able	AAAAAAAACAAAAAAA	5272	1.09689573	0.75834762	0.68000725	0.98738612	1.00343722	1.33354788	0.99233802
able	AAAAAAAACAAAAAAA	5272	1.09689573	0.75834762	0.68000725	0.98738612	1.00343722	1.33354788	0.99233802
able	AAAAAAAACAAAAAAA	5272	1.09689573	0.75834762	0.68000725	0.98738612	1.00343722	1.33354788	0.99233802
able	AAAAAAAACAAAAAAA	5272	1.09689573	0.75834762	0.68000725	0.98738612	1.00343722	1.33354788	0.99233802
able	AAAAAAAACAAAAAAA	5272	1.09689573	0.75834762	0.68000725	0.98738612	1.00343722	1.33354788	0.99233802
able	AAAAAAAACAAAAAAA	5272	1.09689573	0.75834762	0.68000725	0.98738612	1.00343722	1.33354788	0.99233802
able	AAAAAAAACAAAAAAA	5272	1.09689573	0.75834762	0.68000725	0.98738612	1.00343722	1.33354788	0.99233802
able	AAAAAAAACAAAAAAA	5272	1.09689573	0.75834762	0.68000725	0.98738612	1.00343722	1.33354788	0.99233802
able	AAAAAAAACAAAAAAA	5272	1.09689573	0.75834762	0.68000725	0.98738612	1.00343722	1.33354788	0.99233802
able	AAAAAAAACAAAAAAA	5272	1.09689573	0.75834762	0.68000725	0.98738612	1.00343722	1.33354788	0.99233802
able	AAAAAAAACAAAAAAA	5272	1.09689573	0.75834762	0.68000725	0.98738612	1.00343722	1.33354788	0.99233802
able	AAAAAAAACAAAAAAA	5272	1.09689573	0.75834762	0.68000725	0.98738612	1.00343722	1.33354788	0.99233802
able	AAAAAAAACAAAAAAA	5272	1.09689573	0.75834762	0.68000725	0.98738612	1.00343722	1.33354788	0.99233802
able	AAAAAAAACAAAAAAA	5272	1.09689573	0.75834762	0.68000725	0.98738612	1.00343722	1.33354788	0.99233802
able	AAAAAAAACAAAAAAA	5272	1.09689573	0.75834762	0.68000725	0.98738612	1.00343722	1.33354788	0.99233802
able	AAAAAAAACAAAAAAA	5272	1.09689573	0.75834762	0.68000725	0.98738612	1.00343722	1.33354788	0.99233802
able	AAAAAAAACAAAAAAA	5272	1.09689573	0.75834762	0.68000725	0.98738612	1.00343722	1.33354788	0.99233802
able	AAAAAAAACAAAAAAA	5272	1.09689573	0.75834762	0.68000725	0.98738612	1.00343722	1.33354788	0.99233802
able	AAAAAAAACAAAAAAA	5272	1.09689573	0.75834762	0.68000725	0.98738612	1.00343722	1.33354788	0.99233802
able	AAAAAAAACAAAAAAA	5273	1.19728505	1.02715075	0.47495191	0.63246293	0.70891506	1.49232890	0.57400583
able	AAAAAAAACAAAAAAA	5273	1.19728505	1.02715075	0.47495191	0.63246293	0.70891506	1.49232890	0.57400583

