AAAAAAAAANECAAAA	34	18.579233333300	9	4.918033333300	18	9.836066666700	20.333333
AAAAAAAACAOBAAAA	27	11.688300000000	38	16.450200000000	12	5.194800000000	25.666667
AAAAAAAACBNDAAAA	38	11.620800000000	52	15.902133333300	19	5.810400000000	36.333333
AAAAAAAACCGAAAAA	30	15.151500000000	18	9.090900000000	18	9.090900000000	22.000000
AAAAAAAACKBDAAAA	32	12.698400000000	22	8.730166666700	30	11.904766666700	28.000000
AAAAAAAACOIBAAAA	31	8.072933333300	29	7.552100000000	68	17.708333333300	42.666667
AAAAAAAAEBLDAAAA	9	3.703700000000	34	13.991766666700	38	15.637866666700	27.000000
AAAAAAAAELFDAAAA	54	20.224733333300	4	1.498133333300	31	11.610500000000	29.666667
AAAAAAAAFEBAAAAA	19	15.447166666700	17	13.821133333300	5	4.065033333300	13.666667
AAAAAAAAFODDAAAA	30	11.494266666700	7	2.682000000000	50	19.157100000000	29.000000
AAAAAAAAGLMCAAAA	37	26.811600000000	3	2.173900000000	6	4.347833333300	15.333333
AAAAAAAAHAGDAAAA	16	8.333333333300	15	7.812500000000	33	17.187500000000	21.333333
AAAAAAAAHCDEAAAA	41	19.248833333300	1	0.469500000000	29	13.615033333300	23.666667
AAAAAAAALAEBAAAA	19	6.959700000000	21	7.692300000000	51	18.681333333300	30.333333
AAAAAAAAMBDEAAAA	26	6.372533333300	66	16.176466666700	44	10.784300000000	45.333333
AAAAAAAAMBGBAAAA	5	5.050500000000	1	1.010100000000	27	27.272733333300	11.000000
AAAAAAAAMDODAAAA	17	10.897433333300	32	20.512833333300	3	1.923066666700	17.333333
AAAAAAAAMOIAAAAA	84	25.454533333300	12	3.636366666700	14	4.242433333300	36.666667
AAAAAAAANMAAAAAA	12	25.000000000000	1	2.083333333300	3	6.250000000000	5.333333
AAAAAAAAODOAAAAA	5	4.385966666700	3	2.631566666700	30	26.315800000000	12.666667
AAAAAAAAPJOCAAAA	29	15.343900000000	21	11.111100000000	13	6.878300000000	21.000000

