		1	51	75.659585	194.407904	38.256373
AAAAAAAAAAABAAAA		1	46	114.720000	.000000	32.120000
AAAAAAAAAAABAAAA	TN	0	46	114.720000	.000000	32.120000
AAAAAAAAAAAEAAAA		1	100	77.970000	.000000	57.690000
AAAAAAAAAAAEAAAA	TN	0	100	77.970000	.000000	57.690000
AAAAAAAAAABAAAAA		1	6	48.890000	13.610000	2.440000
AAAAAAAAAABAAAAA	TN	0	6	48.890000	13.610000	2.440000
AAAAAAAAAACAAAAA		1	62	32.213333	.000000	5.506666
AAAAAAAAAACAAAAA	TN	0	62	32.213333	.000000	5.506666
AAAAAAAAAACDAAAA		1	97	161.780000	.000000	55.000000
AAAAAAAAAACDAAAA	TN	0	97	161.780000	.000000	55.000000
AAAAAAAAAADBAAAA		1	28	136.010000	575.760000	73.440000
AAAAAAAAAADBAAAA	TN	0	28	136.010000	575.760000	73.440000
AAAAAAAAAADCAAAA		1	64	116.140000	.000000	108.010000
AAAAAAAAAADCAAAA	TN	0	64	116.140000	.000000	108.010000
AAAAAAAAAAEBAAAA		1	9	5.430000	.000000	5.210000
AAAAAAAAAAEBAAAA	TN	0	9	5.430000	.000000	5.210000
AAAAAAAAAAEDAAAA		1	45	87.635000	.000000	51.840000
AAAAAAAAAAEDAAAA	TN	0	45	87.635000	.000000	51.840000
AAAAAAAAAAGBAAAA		1	29	101.940000	.000000	100.920000
AAAAAAAAAAGBAAAA	TN	0	29	101.940000	.000000	100.920000
AAAAAAAAAAGCAAAA		1	97	65.270000	.000000	21.530000
AAAAAAAAAAGCAAAA	TN	0	97	65.270000	.000000	21.530000
AAAAAAAAAAGEAAAA		1	55	73.875000	.000000	71.000000
AAAAAAAAAAGEAAAA	TN	0	55	73.875000	.000000	71.000000
AAAAAAAAAAHAAAAA		1	20	134.300000	.000000	119.520000
AAAAAAAAAAHAAAAA	TN	0	20	134.300000	.000000	119.520000
AAAAAAAAAAHBAAAA		1	97	7.400000	.000000	6.730000
AAAAAAAAAAHBAAAA	TN	0	97	7.400000	.000000	6.730000
AAAAAAAAAAHDAAAA		1	69	5.620000	.000000	.330000
AAAAAAAAAAHDAAAA	TN	0	69	5.620000	.000000	.330000
AAAAAAAAAAIAAAAA		1	87	106.980000	.000000	27.810000
AAAAAAAAAAIAAAAA	TN	0	87	106.980000	.000000	27.810000
AAAAAAAAAAKBAAAA		1	84	66.175000	847.835000	57.380000
AAAAAAAAAAKBAAAA	TN	0	84	66.175000	847.835000	57.380000
AAAAAAAAAALAAAAA		1	6	32.280000	.000000	7.420000
AAAAAAAAAALAAAAA	TN	0	6	32.280000	.000000	7.420000
AAAAAAAAAALCAAAA		1	98	34.310000	55.300000	1.710000
AAAAAAAAAALCAAAA	TN	0	98	34.310000	55.300000	1.710000
AAAAAAAAAALDAAAA		1	59	129.470000	713.900000	22.000000
AAAAAAAAAALDAAAA	TN	0	59	129.470000	713.900000	22.000000
AAAAAAAAAANAAAAA		1	74	60.875000	.000000	13.200000
AAAAAAAAAANAAAAA	TN	0	74	60.875000	.000000	13.200000
AAAAAAAAAANBAAAA		1	96	130.790000	1864.510000	129.480000
AAAAAAAAAANBAAAA	TN	0	96	130.790000	1864.510000	129.480000
AAAAAAAAAAOAAAAA		1	85	130.340000	.000000	122.510000
AAAAAAAAAAOAAAAA	TN	0	85	130.340000	.000000	122.510000
AAAAAAAAAAOCAAAA		1	14	64.575000	.000000	33.975000
AAAAAAAAAAOCAAAA	TN	0	14	64.575000	.000000	33.975000
AAAAAAAAAAODAAAA		1	84	30.500000	.000000	28.970000
AAAAAAAAAAODAAAA	TN	0	84	30.500000	.000000	28.970000
AAAAAAAAAAPBAAAA		1	45	118.890000	2380.595000	84.715000
AAAAAAAAAAPBAAAA	TN	0	45	118.890000	2380.595000	84.715000
AAAAAAAAABAAAAAA		1	97	124.750000	.000000	74.850000
AAAAAAAAABAAAAAA	TN	0	97	124.750000	.000000	74.850000
AAAAAAAAABABAAAA		1	31	29.980000	17.090000	27.580000
AAAAAAAAABABAAAA	TN	0	31	29.980000	17.090000	27.580000
AAAAAAAAABAEAAAA		1	34	17.210000	.000000	13.420000
AAAAAAAAABAEAAAA	TN	0	34	17.210000	.000000	13.420000
AAAAAAAAABCBAAAA		1	38	131.375000	.000000	52.320000
AAAAAAAAABCBAAAA	TN	0	38	131.375000	.000000	52.320000
AAAAAAAAABDAAAAA		1	31	68.345000	.000000	63.275000
AAAAAAAAABDAAAAA	TN	0	31	68.345000	.000000	63.275000
AAAAAAAAABDBAAAA		1	56	103.850000	1624.170000	59.190000
AAAAAAAAABDBAAAA	TN	0	56	103.850000	1624.170000	59.190000
AAAAAAAAABDDAAAA		1	67	119.420000	23.186666	38.720000
AAAAAAAAABDDAAAA	TN	0	67	119.420000	23.186666	38.720000
AAAAAAAAABDEAAAA		1	61	85.950000	2282.360000	44.605000
AAAAAAAAABDEAAAA	TN	0	61	85.950000	2282.360000	44.605000
AAAAAAAAABEDAAAA		1	61	85.140000	.000000	50.230000
AAAAAAAAABEDAAAA	TN	0	61	85.140000	.000000	50.230000
AAAAAAAAABFBAAAA		1	31	23.550000	.000000	13.650000
AAAAAAAAABFBAAAA	TN	0	31	23.550000	.000000	13.650000
AAAAAAAAABFCAAAA		1	83	15.500000	.000000	.000000
AAAAAAAAABFCAAAA	TN	0	83	15.500000	.000000	.000000
AAAAAAAAABGAAAAA		1	64	35.080000	.000000	3.150000
AAAAAAAAABGAAAAA	TN	0	64	35.080000	.000000	3.150000
AAAAAAAAABGBAAAA		1	40	25.070000	.000000	16.040000
AAAAAAAAABGBAAAA	TN	0	40	25.070000	.000000	16.040000
AAAAAAAAABGEAAAA		1	39	56.765000	14.255000	36.005000
AAAAAAAAABGEAAAA	TN	0	39	56.765000	14.255000	36.005000
AAAAAAAAABHAAAAA		1	93	74.800000	.000000	21.690000
AAAAAAAAABHAAAAA	TN	0	93	74.800000	.000000	21.690000
AAAAAAAAABHCAAAA		1	31	79.835000	181.380000	61.935000
AAAAAAAAABHCAAAA	TN	0	31	79.835000	181.380000	61.935000
AAAAAAAAABIBAAAA		1	48	170.890000	.000000	140.120000
AAAAAAAAABIBAAAA	TN	0	48	170.890000	.000000	140.120000
AAAAAAAAABJAAAAA		1	46	82.325000	.000000	44.985000
AAAAAAAAABJAAAAA	TN	0	46	82.325000	.000000	44.985000
AAAAAAAAABJBAAAA		1	76	12.400000	.000000	3.960000
AAAAAAAAABJBAAAA	TN	0	76	12.400000	.000000	3.960000
AAAAAAAAABJDAAAA		1	34	118.505000	.000000	61.205000
AAAAAAAAABJDAAAA	TN	0	34	118.505000	.000000	61.205000
AAAAAAAAABKAAAAA		1	65	8.775000	.000000	5.180000
AAAAAAAAABKAAAAA	TN	0	65	8.775000	.000000	5.180000
AAAAAAAAABKCAAAA		1	26	51.570000	.000000	41.250000
AAAAAAAAABKCAAAA	TN	0	26	51.570000	.000000	41.250000
AAAAAAAAABLBAAAA		1	61	149.120000	.000000	82.540000
AAAAAAAAABLBAAAA	TN	0	61	149.120000	.000000	82.540000
AAAAAAAAABMAAAAA		1	14	109.970000	.000000	10.990000
