1	1569	1	212	1.63021352	1	1569	2	239.25	1.26415133
1	5627	1	282.75	1.56570324	1	5627	2	297.5	1.20842868
1	7999	1	166.25	1.79242317	1	7999	2	375.333333	1.00809226
1	8611	1	300.5	1.51915452	1	8611	2	243.75	1.23421228
1	15345	1	148.5	1.5295784	1	15345	2	246.5	1.50879877
2	71	1	221.5	1.56397411	2	71	2	309	1.49170579
2	6103	1	194.333333	1.51606702	2	6103	2	158.5	1.27436986
2	6489	1	268	1.69563724	2	6489	2	389	1.41057805
2	15839	1	353	1.50636844	2	15839	2	255.5	1.23623932
3	7207	1	329.666667	1.59544822	3	7207	2	414.5	1.01791971
3	10547	1	182.333333	1.53256415	3	10547	2	320.25	1.30244184
3	12867	1	278.25	1.64038001	3	12867	2	350.75	1.20069333
4	947	1	247.5	1.69331818	4	947	2	203.333333	1.20543315
5	3137	1	271.25	1.57545322	5	3137	2	380	1.08342034
