AAAAAAAAAAACAAAA	17.0000000000000000	13.1500000000000000	7.7000000000000000	1.97000000000000000000
AAAAAAAAAAAEAAAA	99.0000000000000000	123.4400000000000000	0.00000000000000000000	44.4300000000000000
AAAAAAAAAABBAAAA	11.0000000000000000	77.3100000000000000	0.00000000000000000000	38.6500000000000000
AAAAAAAAAABEAAAA	35.5000000000000000	18.9000000000000000	0.00000000000000000000	4.8500000000000000
AAAAAAAAAACAAAAA	61.0000000000000000	38.6300000000000000	90.2450000000000000	16.3850000000000000
AAAAAAAAAACCAAAA	10.5000000000000000	83.4650000000000000	0.00000000000000000000	30.0200000000000000
AAAAAAAAAADBAAAA	44.0000000000000000	108.3600000000000000	0.00000000000000000000	13.0000000000000000
AAAAAAAAAADCAAAA	54.0000000000000000	59.2900000000000000	0.00000000000000000000	34.9800000000000000
AAAAAAAAAADEAAAA	93.0000000000000000	43.5700000000000000	0.00000000000000000000	38.3400000000000000
AAAAAAAAAAEAAAAA	72.0000000000000000	16.4600000000000000	0.00000000000000000000	13.3300000000000000
AAAAAAAAAAEBAAAA	88.0000000000000000	29.0200000000000000	0.00000000000000000000	0.87000000000000000000
AAAAAAAAAAEDAAAA	91.0000000000000000	84.3750000000000000	0.00000000000000000000	9.0900000000000000
AAAAAAAAAAFDAAAA	37.0000000000000000	33.1300000000000000	0.00000000000000000000	20.2000000000000000
AAAAAAAAAAGEAAAA	35.0000000000000000	56.4800000000000000	881.4500000000000000	23.6300000000000000
AAAAAAAAAAHDAAAA	33.0000000000000000	59.0500000000000000	0.00000000000000000000	48.5300000000000000
AAAAAAAAAAICAAAA	68.5000000000000000	108.7300000000000000	166.7800000000000000	69.2200000000000000
AAAAAAAAAAIDAAAA	76.0000000000000000	97.1900000000000000	0.00000000000000000000	43.7300000000000000
AAAAAAAAAAJCAAAA	30.0000000000000000	47.5500000000000000	0.00000000000000000000	30.4300000000000000
AAAAAAAAAAKBAAAA	59.0000000000000000	55.0800000000000000	0.00000000000000000000	17.0700000000000000
AAAAAAAAAAMBAAAA	74.0000000000000000	10.3900000000000000	0.00000000000000000000	8.6200000000000000
AAAAAAAAAAMCAAAA	86.0000000000000000	24.1000000000000000	0.41000000000000000000	0.48000000000000000000
AAAAAAAAAANAAAAA	43.0000000000000000	80.1600000000000000	0.00000000000000000000	41.6800000000000000
AAAAAAAAAANBAAAA	28.0000000000000000	112.2700000000000000	0.00000000000000000000	57.2500000000000000
AAAAAAAAAAOAAAAA	46.0000000000000000	12.6300000000000000	0.00000000000000000000	4.6700000000000000
AAAAAAAAAAPBAAAA	66.0000000000000000	39.5900000000000000	969.8000000000000000	18.6000000000000000
AAAAAAAAAAPCAAAA	90.0000000000000000	68.2800000000000000	0.00000000000000000000	47.7900000000000000
AAAAAAAAABAAAAAA	10.5000000000000000	71.4800000000000000	0.00000000000000000000	28.9200000000000000
AAAAAAAAABABAAAA	12.5000000000000000	100.5300000000000000	2.2300000000000000	34.8075000000000000
AAAAAAAAABADAAAA	100.0000000000000000	68.6700000000000000	0.00000000000000000000	50.8100000000000000
AAAAAAAAABAEAAAA	49.0000000000000000	15.7900000000000000	0.00000000000000000000	11.8400000000000000
AAAAAAAAABBCAAAA	52.0000000000000000	115.1000000000000000	0.00000000000000000000	24.1700000000000000
AAAAAAAAABDEAAAA	92.0000000000000000	168.9600000000000000	0.00000000000000000000	23.6500000000000000
AAAAAAAAABEAAAAA	33.3333333333333333	58.6466666666666667	99.4733333333333333	22.1666666666666667
AAAAAAAAABECAAAA	43.0000000000000000	167.7400000000000000	0.00000000000000000000	88.9000000000000000
AAAAAAAAABEDAAAA	74.0000000000000000	129.1000000000000000	0.00000000000000000000	108.4400000000000000
AAAAAAAAABFBAAAA	36.0000000000000000	115.1800000000000000	0.00000000000000000000	109.4200000000000000
AAAAAAAAABFCAAAA	51.0000000000000000	121.9800000000000000	0.00000000000000000000	17.0700000000000000
AAAAAAAAABFEAAAA	65.0000000000000000	117.8800000000000000	0.00000000000000000000	107.2700000000000000
AAAAAAAAABGBAAAA	52.0000000000000000	71.5450000000000000	0.00000000000000000000	30.2850000000000000
AAAAAAAAABGDAAAA	67.5000000000000000	58.8600000000000000	0.00000000000000000000	35.2500000000000000
AAAAAAAAABHAAAAA	71.0000000000000000	39.3850000000000000	804.3750000000000000	8.3800000000000000
AAAAAAAAABHCAAAA	48.0000000000000000	12.6700000000000000	52.1600000000000000	4.1800000000000000
AAAAAAAAABHDAAAA	55.0000000000000000	17.7800000000000000	0.00000000000000000000	5.5150000000000000
AAAAAAAAABJAAAAA	32.0000000000000000	20.1100000000000000	0.00000000000000000000	15.6800000000000000
AAAAAAAAABJBAAAA	21.0000000000000000	72.3350000000000000	0.00000000000000000000	11.3700000000000000
AAAAAAAAABJDAAAA	43.0000000000000000	74.9200000000000000	0.00000000000000000000	8.2400000000000000
AAAAAAAAABKAAAAA	67.0000000000000000	103.0700000000000000	0.00000000000000000000	34.0100000000000000
AAAAAAAAABKCAAAA	43.0000000000000000	73.9300000000000000	0.00000000000000000000	48.0500000000000000
AAAAAAAAABKDAAAA	84.0000000000000000	102.9500000000000000	0.00000000000000000000	42.2000000000000000
AAAAAAAAABMAAAAA	58.0000000000000000	136.3400000000000000	0.00000000000000000000	35.4400000000000000
AAAAAAAAABMDAAAA	80.0000000000000000	3.0600000000000000	0.00000000000000000000	1.89000000000000000000
AAAAAAAAABNAAAAA	96.0000000000000000	81.9500000000000000	0.00000000000000000000	64.7400000000000000
AAAAAAAAABNCAAAA	42.0000000000000000	88.8300000000000000	0.00000000000000000000	20.6500000000000000
AAAAAAAAABOBAAAA	18.0000000000000000	81.4900000000000000	0.00000000000000000000	58.6700000000000000
AAAAAAAAABOCAAAA	31.0000000000000000	73.8766666666666667	0.00000000000000000000	59.9400000000000000
AAAAAAAAABPBAAAA	48.5000000000000000	37.8300000000000000	183.7800000000000000	11.7200000000000000
AAAAAAAAACACAAAA	60.0000000000000000	104.3750000000000000	351.5650000000000000	25.3150000000000000
AAAAAAAAACADAAAA	29.0000000000000000	43.7400000000000000	0.00000000000000000000	13.9900000000000000
AAAAAAAAACBBAAAA	44.5000000000000000	87.5100000000000000	0.00000000000000000000	36.1400000000000000
AAAAAAAAACBEAAAA	76.0000000000000000	156.0500000000000000	0.00000000000000000000	113.9100000000000000
AAAAAAAAACCDAAAA	26.0000000000000000	35.5733333333333333	0.00000000000000000000	13.0133333333333333
AAAAAAAAACCEAAAA	4.0000000000000000	10.9800000000000000	0.00000000000000000000	4.9400000000000000
AAAAAAAAACDAAAAA	16.0000000000000000	87.8700000000000000	36.2600000000000000	75.5600000000000000
AAAAAAAAACDCAAAA	27.0000000000000000	89.8600000000000000	0.00000000000000000000	40.4300000000000000
AAAAAAAAACEBAAAA	42.0000000000000000	94.5800000000000000	0.00000000000000000000	51.2600000000000000
AAAAAAAAACFBAAAA	45.0000000000000000	88.3050000000000000	0.00000000000000000000	24.2600000000000000
AAAAAAAAACGAAAAA	47.0000000000000000	10.4600000000000000	0.00000000000000000000	5.6400000000000000
AAAAAAAAACGDAAAA	24.0000000000000000	51.5450000000000000	0.00000000000000000000	18.8350000000000000
AAAAAAAAACHBAAAA	44.0000000000000000	103.2700000000000000	0.00000000000000000000	65.0600000000000000
AAAAAAAAACHCAAAA	68.5000000000000000	91.6800000000000000	0.00000000000000000000	66.1650000000000000
AAAAAAAAACIAAAAA	7.0000000000000000	25.4200000000000000	0.00000000000000000000	8.6400000000000000
AAAAAAAAACIBAAAA	21.0000000000000000	89.2900000000000000	915.0100000000000000	71.4300000000000000
AAAAAAAAACIDAAAA	43.0000000000000000	56.2800000000000000	56.1100000000000000	4.5000000000000000
AAAAAAAAACLAAAAA	36.0000000000000000	125.5700000000000000	0.00000000000000000000	13.8100000000000000
AAAAAAAAACLDAAAA	61.3333333333333333	114.2066666666666667	0.00000000000000000000	59.1233333333333333
AAAAAAAAACMDAAAA	56.0000000000000000	79.0200000000000000	0.00000000000000000000	64.0000000000000000
AAAAAAAAACNCAAAA	63.0000000000000000	54.2000000000000000	0.00000000000000000000	29.2600000000000000
AAAAAAAAACOAAAAA	50.0000000000000000	27.4300000000000000	229.2150000000000000	13.4300000000000000
AAAAAAAAACPAAAAA	32.0000000000000000	147.6200000000000000	2480.3200000000000000	87.0900000000000000
AAAAAAAAACPCAAAA	80.0000000000000000	12.6000000000000000	0.00000000000000000000	0.37000000000000000000
AAAAAAAAACPDAAAA	87.0000000000000000	105.9300000000000000	0.00000000000000000000	9.5300000000000000
AAAAAAAAADABAAAA	68.5000000000000000	35.7950000000000000	0.00000000000000000000	27.8400000000000000
AAAAAAAAADACAAAA	96.0000000000000000	101.5400000000000000	0.00000000000000000000	99.5000000000000000
AAAAAAAAADAEAAAA	53.0000000000000000	74.6400000000000000	0.00000000000000000000	7.6300000000000000
AAAAAAAAADBBAAAA	6.0000000000000000	85.5800000000000000	234.1400000000000000	81.3000000000000000
AAAAAAAAADBDAAAA	47.0000000000000000	39.3300000000000000	62.7100000000000000	12.0900000000000000
AAAAAAAAADBEAAAA	52.0000000000000000	2.4100000000000000	0.00000000000000000000	1.06000000000000000000
AAAAAAAAADCAAAAA	91.0000000000000000	92.1700000000000000	0.00000000000000000000	67.2800000000000000
AAAAAAAAADCCAAAA	33.0000000000000000	40.8000000000000000	0.00000000000000000000	28.5600000000000000
AAAAAAAAADDBAAAA	45.0000000000000000	18.6300000000000000	0.00000000000000000000	17.6900000000000000
AAAAAAAAADDCAAAA	66.0000000000000000	162.1700000000000000	1525.9000000000000000	37.2900000000000000
AAAAAAAAADDEAAAA	35.0000000000000000	78.2566666666666667	0.00000000000000000000	36.6300000000000000
AAAAAAAAADEBAAAA	59.5000000000000000	110.3800000000000000	157.9650000000000000	16.1650000000000000
AAAAAAAAADEEAAAA	17.0000000000000000	54.5400000000000000	0.00000000000000000000	16.3600000000000000
AAAAAAAAADFAAAAA	44.0000000000000000	133.5100000000000000	0.00000000000000000000	25.3600000000000000
AAAAAAAAADGBAAAA	31.0000000000000000	107.5500000000000000	919.8250000000000000	56.5350000000000000
AAAAAAAAADGCAAAA	78.0000000000000000	119.6100000000000000	0.00000000000000000000	74.1500000000000000
AAAAAAAAADGEAAAA	45.5000000000000000	99.3050000000000000	0.00000000000000000000	1.06500000000000000000
AAAAAAAAADHAAAAA	86.0000000000000000	81.0900000000000000	0.00000000000000000000	37.3000000000000000
AAAAAAAAADHBAAAA	28.0000000000000000	68.5800000000000000	223.7900000000000000	53.6150000000000000
