AAAAAAAAAAAEAAAA	63.0000000000000000	30.0100000000000000	0.00000000000000000000	25.2900000000000000
AAAAAAAAAABEAAAA	96.0000000000000000	75.3400000000000000	0.00000000000000000000	10.5400000000000000
AAAAAAAAAACAAAAA	73.0000000000000000	199.7700000000000000	0.00000000000000000000	41.9500000000000000
AAAAAAAAAACCAAAA	23.5000000000000000	26.6200000000000000	110.9700000000000000	14.2000000000000000
AAAAAAAAAADBAAAA	23.0000000000000000	131.5600000000000000	0.00000000000000000000	26.3100000000000000
AAAAAAAAAADEAAAA	15.0000000000000000	283.9100000000000000	0.00000000000000000000	19.8700000000000000
AAAAAAAAAAEAAAAA	71.0000000000000000	176.7133333333333333	0.00000000000000000000	142.6933333333333333
AAAAAAAAAAEBAAAA	96.0000000000000000	66.7400000000000000	1014.3900000000000000	16.0100000000000000
AAAAAAAAAAFCAAAA	85.0000000000000000	76.8100000000000000	143.6100000000000000	42.2400000000000000
AAAAAAAAAAGEAAAA	47.0000000000000000	136.9250000000000000	0.00000000000000000000	95.2750000000000000
AAAAAAAAAAHBAAAA	27.0000000000000000	105.8400000000000000	0.00000000000000000000	35.9800000000000000
AAAAAAAAAAIDAAAA	78.3333333333333333	126.3700000000000000	0.00000000000000000000	61.9433333333333333
AAAAAAAAAAJBAAAA	60.3333333333333333	85.5966666666666667	23.2000000000000000	15.5000000000000000
AAAAAAAAAAKDAAAA	21.0000000000000000	84.4150000000000000	0.00000000000000000000	26.8500000000000000
AAAAAAAAAALCAAAA	20.0000000000000000	62.7900000000000000	0.00000000000000000000	48.9700000000000000
AAAAAAAAAALDAAAA	49.0000000000000000	73.1550000000000000	0.00000000000000000000	21.0050000000000000
AAAAAAAAAAMCAAAA	81.0000000000000000	229.6200000000000000	15221.1700000000000000	202.0600000000000000
AAAAAAAAAANAAAAA	42.0000000000000000	79.9900000000000000	0.00000000000000000000	76.7900000000000000
AAAAAAAAAANDAAAA	94.0000000000000000	27.9200000000000000	0.00000000000000000000	1.67000000000000000000
AAAAAAAAAAOAAAAA	66.0000000000000000	44.2950000000000000	25.8200000000000000	10.0550000000000000
AAAAAAAAAAOCAAAA	34.3333333333333333	84.4966666666666667	1133.9533333333333333	63.4300000000000000
AAAAAAAAABABAAAA	45.0000000000000000	79.8200000000000000	0.00000000000000000000	67.8400000000000000
AAAAAAAAABAEAAAA	1.00000000000000000000	171.5400000000000000	0.00000000000000000000	49.7400000000000000
AAAAAAAAABBAAAAA	8.0000000000000000	279.0800000000000000	0.00000000000000000000	55.8100000000000000
AAAAAAAAABBCAAAA	56.0000000000000000	45.9700000000000000	1286.3800000000000000	23.4400000000000000
AAAAAAAAABBDAAAA	47.0000000000000000	22.4400000000000000	0.00000000000000000000	21.9900000000000000
AAAAAAAAABCBAAAA	84.0000000000000000	43.8700000000000000	0.00000000000000000000	28.5100000000000000
AAAAAAAAABEDAAAA	43.0000000000000000	105.7700000000000000	668.4000000000000000	37.0100000000000000
AAAAAAAAABFEAAAA	66.0000000000000000	239.5500000000000000	0.00000000000000000000	184.4500000000000000
AAAAAAAAABJAAAAA	49.0000000000000000	10.2400000000000000	0.00000000000000000000	8.0800000000000000
AAAAAAAAABKAAAAA	71.0000000000000000	99.4200000000000000	0.00000000000000000000	15.9000000000000000
AAAAAAAAABLBAAAA	40.0000000000000000	233.6000000000000000	0.00000000000000000000	93.4400000000000000
AAAAAAAAABOCAAAA	51.0000000000000000	4.5500000000000000	0.00000000000000000000	4.1400000000000000
AAAAAAAAACCAAAAA	39.0000000000000000	63.7450000000000000	22.2600000000000000	17.7850000000000000
AAAAAAAAACDCAAAA	51.0000000000000000	158.9750000000000000	1334.0700000000000000	124.7850000000000000
AAAAAAAAACDDAAAA	85.5000000000000000	75.7350000000000000	0.00000000000000000000	36.2850000000000000
AAAAAAAAACEEAAAA	38.0000000000000000	78.6900000000000000	0.00000000000000000000	19.6700000000000000
AAAAAAAAACFDAAAA	93.0000000000000000	59.4400000000000000	0.00000000000000000000	7.7200000000000000
AAAAAAAAACGCAAAA	55.0000000000000000	103.2100000000000000	0.00000000000000000000	27.8600000000000000
AAAAAAAAACHBAAAA	62.0000000000000000	180.2900000000000000	0.00000000000000000000	32.4500000000000000
AAAAAAAAACIBAAAA	95.0000000000000000	214.4000000000000000	0.00000000000000000000	4.2800000000000000
AAAAAAAAACKBAAAA	59.0000000000000000	92.9100000000000000	0.00000000000000000000	29.6750000000000000
AAAAAAAAACMCAAAA	65.0000000000000000	119.5500000000000000	0.00000000000000000000	84.8800000000000000
AAAAAAAAACNBAAAA	65.0000000000000000	169.2900000000000000	0.00000000000000000000	121.8800000000000000
AAAAAAAAACNCAAAA	12.0000000000000000	64.1600000000000000	0.00000000000000000000	16.0400000000000000
AAAAAAAAACOBAAAA	90.0000000000000000	50.8400000000000000	0.00000000000000000000	6.1000000000000000
AAAAAAAAACODAAAA	46.0000000000000000	35.8400000000000000	0.00000000000000000000	16.2766666666666667
AAAAAAAAACPAAAAA	62.0000000000000000	191.0000000000000000	823.8150000000000000	132.1950000000000000
AAAAAAAAADABAAAA	31.0000000000000000	30.6600000000000000	0.00000000000000000000	2.4500000000000000
AAAAAAAAADACAAAA	31.0000000000000000	174.0600000000000000	0.00000000000000000000	46.9900000000000000
AAAAAAAAADAEAAAA	21.0000000000000000	65.4300000000000000	0.00000000000000000000	62.1500000000000000
AAAAAAAAADBAAAAA	88.0000000000000000	102.5700000000000000	7392.1800000000000000	92.3100000000000000
AAAAAAAAADBDAAAA	67.0000000000000000	221.2200000000000000	0.00000000000000000000	79.6300000000000000
AAAAAAAAADCAAAAA	67.0000000000000000	70.1600000000000000	2248.6200000000000000	36.4800000000000000
AAAAAAAAADCDAAAA	37.0000000000000000	92.2800000000000000	0.00000000000000000000	31.6600000000000000
AAAAAAAAADDCAAAA	27.0000000000000000	133.7900000000000000	0.00000000000000000000	14.7100000000000000
AAAAAAAAADEAAAAA	99.0000000000000000	26.5400000000000000	0.00000000000000000000	8.7500000000000000
AAAAAAAAADFDAAAA	49.0000000000000000	56.5800000000000000	0.00000000000000000000	5.6500000000000000
AAAAAAAAADGEAAAA	49.0000000000000000	87.9600000000000000	0.00000000000000000000	15.8300000000000000
AAAAAAAAADHAAAAA	36.0000000000000000	32.8900000000000000	849.5200000000000000	25.6500000000000000
AAAAAAAAADIAAAAA	98.0000000000000000	168.8900000000000000	0.00000000000000000000	69.2400000000000000
AAAAAAAAADIDAAAA	5.0000000000000000	99.2950000000000000	0.00000000000000000000	86.4450000000000000
AAAAAAAAADJBAAAA	87.0000000000000000	88.3500000000000000	7.6800000000000000	8.8300000000000000
AAAAAAAAADJCAAAA	71.0000000000000000	30.5000000000000000	0.00000000000000000000	7.0100000000000000
AAAAAAAAADKAAAAA	40.5000000000000000	123.0100000000000000	0.00000000000000000000	8.1200000000000000
AAAAAAAAADKBAAAA	23.0000000000000000	61.7700000000000000	0.00000000000000000000	52.5000000000000000
AAAAAAAAADLAAAAA	35.0000000000000000	108.6900000000000000	0.00000000000000000000	78.2500000000000000
AAAAAAAAADMBAAAA	14.0000000000000000	181.4300000000000000	0.00000000000000000000	170.5400000000000000
AAAAAAAAADNAAAAA	23.0000000000000000	43.2800000000000000	0.00000000000000000000	5.6200000000000000
AAAAAAAAADNBAAAA	19.0000000000000000	119.6400000000000000	0.00000000000000000000	7.1700000000000000
AAAAAAAAADOCAAAA	37.5000000000000000	30.2250000000000000	0.00000000000000000000	19.3550000000000000
AAAAAAAAADODAAAA	66.0000000000000000	4.6100000000000000	0.00000000000000000000	2.5300000000000000
AAAAAAAAAEADAAAA	63.0000000000000000	153.0400000000000000	0.00000000000000000000	148.4400000000000000
AAAAAAAAAEAEAAAA	25.0000000000000000	189.9400000000000000	0.00000000000000000000	144.3500000000000000
AAAAAAAAAEBAAAAA	15.0000000000000000	96.7400000000000000	0.00000000000000000000	10.6400000000000000
AAAAAAAAAECBAAAA	57.0000000000000000	31.6600000000000000	0.00000000000000000000	11.3900000000000000
AAAAAAAAAEDBAAAA	90.0000000000000000	185.3100000000000000	0.00000000000000000000	18.5300000000000000
AAAAAAAAAEFBAAAA	44.0000000000000000	56.3200000000000000	0.00000000000000000000	39.4950000000000000
AAAAAAAAAEFCAAAA	14.0000000000000000	136.8000000000000000	735.4300000000000000	82.0800000000000000
AAAAAAAAAEGBAAAA	93.0000000000000000	138.2000000000000000	0.00000000000000000000	134.0500000000000000
AAAAAAAAAEGDAAAA	71.0000000000000000	109.7300000000000000	332.4400000000000000	59.2000000000000000
AAAAAAAAAEHCAAAA	73.0000000000000000	216.2300000000000000	0.00000000000000000000	211.9000000000000000
AAAAAAAAAEHDAAAA	28.0000000000000000	85.4250000000000000	0.00000000000000000000	38.9650000000000000
AAAAAAAAAEJBAAAA	46.0000000000000000	85.1800000000000000	0.00000000000000000000	79.2100000000000000
AAAAAAAAAEKCAAAA	59.0000000000000000	69.2600000000000000	0.00000000000000000000	2.0700000000000000
AAAAAAAAAEMDAAAA	3.0000000000000000	183.7800000000000000	0.00000000000000000000	134.1500000000000000
AAAAAAAAAFAAAAAA	54.0000000000000000	255.7100000000000000	0.00000000000000000000	86.9400000000000000
AAAAAAAAAFADAAAA	90.0000000000000000	51.0000000000000000	0.00000000000000000000	7.6500000000000000
AAAAAAAAAFBEAAAA	34.5000000000000000	105.1600000000000000	0.00000000000000000000	37.6650000000000000
AAAAAAAAAFCDAAAA	81.0000000000000000	66.5250000000000000	0.00000000000000000000	54.1250000000000000
AAAAAAAAAFDDAAAA	24.0000000000000000	110.7450000000000000	0.00000000000000000000	56.0950000000000000
AAAAAAAAAFEEAAAA	44.0000000000000000	78.8700000000000000	2115.7700000000000000	71.7700000000000000
AAAAAAAAAFFBAAAA	39.5000000000000000	189.8250000000000000	0.00000000000000000000	56.2250000000000000
AAAAAAAAAFFDAAAA	27.0000000000000000	73.3100000000000000	37.2500000000000000	2.1900000000000000
AAAAAAAAAFGCAAAA	64.0000000000000000	164.0650000000000000	883.1550000000000000	150.2000000000000000
AAAAAAAAAFHBAAAA	18.0000000000000000	92.0600000000000000	0.00000000000000000000	26.6900000000000000
AAAAAAAAAFIDAAAA	26.0000000000000000	165.6500000000000000	409.9900000000000000	46.3800000000000000
AAAAAAAAAFLBAAAA	12.5000000000000000	146.0100000000000000	13.6450000000000000	118.7750000000000000
AAAAAAAAAFMCAAAA	41.0000000000000000	37.8800000000000000	0.00000000000000000000	13.6300000000000000
AAAAAAAAAFMDAAAA	72.0000000000000000	97.7700000000000000	0.00000000000000000000	24.4400000000000000
