AAAAAAAAAAABAAAA	TN	0	46.0000000000000000	114.7200000000000000	0.00000000000000000000	32.1200000000000000
AAAAAAAAAAABAAAA		1	46.0000000000000000	114.7200000000000000	0.00000000000000000000	32.1200000000000000
AAAAAAAAAAAEAAAA	TN	0	100.0000000000000000	77.9700000000000000	0.00000000000000000000	57.6900000000000000
AAAAAAAAAAAEAAAA		1	100.0000000000000000	77.9700000000000000	0.00000000000000000000	57.6900000000000000
AAAAAAAAAABAAAAA	TN	0	6.0000000000000000	48.8900000000000000	13.6100000000000000	2.4400000000000000
AAAAAAAAAABAAAAA		1	6.0000000000000000	48.8900000000000000	13.6100000000000000	2.4400000000000000
AAAAAAAAAACAAAAA	TN	0	62.0000000000000000	32.2133333333333333	0.00000000000000000000	5.5066666666666667
AAAAAAAAAACAAAAA		1	62.0000000000000000	32.2133333333333333	0.00000000000000000000	5.5066666666666667
AAAAAAAAAACDAAAA	TN	0	97.0000000000000000	161.7800000000000000	0.00000000000000000000	55.0000000000000000
AAAAAAAAAACDAAAA		1	97.0000000000000000	161.7800000000000000	0.00000000000000000000	55.0000000000000000
AAAAAAAAAADBAAAA	TN	0	28.0000000000000000	136.0100000000000000	575.7600000000000000	73.4400000000000000
AAAAAAAAAADBAAAA		1	28.0000000000000000	136.0100000000000000	575.7600000000000000	73.4400000000000000
AAAAAAAAAADCAAAA	TN	0	64.0000000000000000	116.1400000000000000	0.00000000000000000000	108.0100000000000000
AAAAAAAAAADCAAAA		1	64.0000000000000000	116.1400000000000000	0.00000000000000000000	108.0100000000000000
AAAAAAAAAAEBAAAA	TN	0	9.0000000000000000	5.4300000000000000	0.00000000000000000000	5.2100000000000000
AAAAAAAAAAEBAAAA		1	9.0000000000000000	5.4300000000000000	0.00000000000000000000	5.2100000000000000
AAAAAAAAAAEDAAAA	TN	0	45.5000000000000000	87.6350000000000000	0.00000000000000000000	51.8400000000000000
AAAAAAAAAAEDAAAA		1	45.5000000000000000	87.6350000000000000	0.00000000000000000000	51.8400000000000000
AAAAAAAAAAGBAAAA	TN	0	29.0000000000000000	101.9400000000000000	0.00000000000000000000	100.9200000000000000
AAAAAAAAAAGBAAAA		1	29.0000000000000000	101.9400000000000000	0.00000000000000000000	100.9200000000000000
AAAAAAAAAAGCAAAA	TN	0	97.0000000000000000	65.2700000000000000	0.00000000000000000000	21.5300000000000000
AAAAAAAAAAGCAAAA		1	97.0000000000000000	65.2700000000000000	0.00000000000000000000	21.5300000000000000
AAAAAAAAAAGEAAAA	TN	0	55.0000000000000000	73.8750000000000000	0.00000000000000000000	71.0000000000000000
AAAAAAAAAAGEAAAA		1	55.0000000000000000	73.8750000000000000	0.00000000000000000000	71.0000000000000000
AAAAAAAAAAHAAAAA	TN	0	20.0000000000000000	134.3000000000000000	0.00000000000000000000	119.5200000000000000
AAAAAAAAAAHAAAAA		1	20.0000000000000000	134.3000000000000000	0.00000000000000000000	119.5200000000000000
AAAAAAAAAAHBAAAA	TN	0	97.0000000000000000	7.4000000000000000	0.00000000000000000000	6.7300000000000000
AAAAAAAAAAHBAAAA		1	97.0000000000000000	7.4000000000000000	0.00000000000000000000	6.7300000000000000
AAAAAAAAAAHDAAAA	TN	0	69.0000000000000000	5.6200000000000000	0.00000000000000000000	0.33000000000000000000
AAAAAAAAAAHDAAAA		1	69.0000000000000000	5.6200000000000000	0.00000000000000000000	0.33000000000000000000
AAAAAAAAAAIAAAAA	TN	0	87.0000000000000000	106.9800000000000000	0.00000000000000000000	27.8100000000000000
AAAAAAAAAAIAAAAA		1	87.0000000000000000	106.9800000000000000	0.00000000000000000000	27.8100000000000000
AAAAAAAAAAKBAAAA	TN	0	84.5000000000000000	66.1750000000000000	847.8350000000000000	57.3800000000000000
AAAAAAAAAAKBAAAA		1	84.5000000000000000	66.1750000000000000	847.8350000000000000	57.3800000000000000
AAAAAAAAAALAAAAA	TN	0	6.0000000000000000	32.2800000000000000	0.00000000000000000000	7.4200000000000000
AAAAAAAAAALAAAAA		1	6.0000000000000000	32.2800000000000000	0.00000000000000000000	7.4200000000000000
AAAAAAAAAALCAAAA	TN	0	98.0000000000000000	34.3100000000000000	55.3000000000000000	1.71000000000000000000
AAAAAAAAAALCAAAA		1	98.0000000000000000	34.3100000000000000	55.3000000000000000	1.71000000000000000000
AAAAAAAAAALDAAAA	TN	0	59.0000000000000000	129.4700000000000000	713.9000000000000000	22.0000000000000000
AAAAAAAAAALDAAAA		1	59.0000000000000000	129.4700000000000000	713.9000000000000000	22.0000000000000000
AAAAAAAAAANAAAAA	TN	0	74.0000000000000000	60.8750000000000000	0.00000000000000000000	13.2000000000000000
AAAAAAAAAANAAAAA		1	74.0000000000000000	60.8750000000000000	0.00000000000000000000	13.2000000000000000
AAAAAAAAAANBAAAA	TN	0	96.0000000000000000	130.7900000000000000	1864.5100000000000000	129.4800000000000000
AAAAAAAAAANBAAAA		1	96.0000000000000000	130.7900000000000000	1864.5100000000000000	129.4800000000000000
AAAAAAAAAAOAAAAA	TN	0	85.0000000000000000	130.3400000000000000	0.00000000000000000000	122.5100000000000000
AAAAAAAAAAOAAAAA		1	85.0000000000000000	130.3400000000000000	0.00000000000000000000	122.5100000000000000
AAAAAAAAAAOCAAAA	TN	0	14.0000000000000000	64.5750000000000000	0.00000000000000000000	33.9750000000000000
AAAAAAAAAAOCAAAA		1	14.0000000000000000	64.5750000000000000	0.00000000000000000000	33.9750000000000000
AAAAAAAAAAODAAAA	TN	0	84.0000000000000000	30.5000000000000000	0.00000000000000000000	28.9700000000000000
AAAAAAAAAAODAAAA		1	84.0000000000000000	30.5000000000000000	0.00000000000000000000	28.9700000000000000
AAAAAAAAAAPBAAAA	TN	0	45.0000000000000000	118.8900000000000000	2380.5950000000000000	84.7150000000000000
AAAAAAAAAAPBAAAA		1	45.0000000000000000	118.8900000000000000	2380.5950000000000000	84.7150000000000000
AAAAAAAAABAAAAAA	TN	0	97.0000000000000000	124.7500000000000000	0.00000000000000000000	74.8500000000000000
AAAAAAAAABAAAAAA		1	97.0000000000000000	124.7500000000000000	0.00000000000000000000	74.8500000000000000
AAAAAAAAABABAAAA	TN	0	31.0000000000000000	29.9800000000000000	17.0900000000000000	27.5800000000000000
AAAAAAAAABABAAAA		1	31.0000000000000000	29.9800000000000000	17.0900000000000000	27.5800000000000000
AAAAAAAAABAEAAAA	TN	0	34.0000000000000000	17.2100000000000000	0.00000000000000000000	13.4200000000000000
AAAAAAAAABAEAAAA		1	34.0000000000000000	17.2100000000000000	0.00000000000000000000	13.4200000000000000
AAAAAAAAABCBAAAA	TN	0	38.0000000000000000	131.3750000000000000	0.00000000000000000000	52.3200000000000000
AAAAAAAAABCBAAAA		1	38.0000000000000000	131.3750000000000000	0.00000000000000000000	52.3200000000000000
AAAAAAAAABDAAAAA	TN	0	31.5000000000000000	68.3450000000000000	0.00000000000000000000	63.2750000000000000
AAAAAAAAABDAAAAA		1	31.5000000000000000	68.3450000000000000	0.00000000000000000000	63.2750000000000000
AAAAAAAAABDBAAAA	TN	0	56.0000000000000000	103.8500000000000000	1624.1700000000000000	59.1900000000000000
AAAAAAAAABDBAAAA		1	56.0000000000000000	103.8500000000000000	1624.1700000000000000	59.1900000000000000
AAAAAAAAABDDAAAA	TN	0	67.3333333333333333	119.4200000000000000	23.1866666666666667	38.7200000000000000
AAAAAAAAABDDAAAA		1	67.3333333333333333	119.4200000000000000	23.1866666666666667	38.7200000000000000
AAAAAAAAABDEAAAA	TN	0	61.0000000000000000	85.9500000000000000	2282.3600000000000000	44.6050000000000000
AAAAAAAAABDEAAAA		1	61.0000000000000000	85.9500000000000000	2282.3600000000000000	44.6050000000000000
AAAAAAAAABEDAAAA	TN	0	61.0000000000000000	85.1400000000000000	0.00000000000000000000	50.2300000000000000
AAAAAAAAABEDAAAA		1	61.0000000000000000	85.1400000000000000	0.00000000000000000000	50.2300000000000000
AAAAAAAAABFBAAAA	TN	0	31.0000000000000000	23.5500000000000000	0.00000000000000000000	13.6500000000000000
AAAAAAAAABFBAAAA		1	31.0000000000000000	23.5500000000000000	0.00000000000000000000	13.6500000000000000
AAAAAAAAABFCAAAA	TN	0	83.0000000000000000	15.5000000000000000	0.00000000000000000000	0.00000000000000000000
AAAAAAAAABFCAAAA		1	83.0000000000000000	15.5000000000000000	0.00000000000000000000	0.00000000000000000000
AAAAAAAAABGAAAAA	TN	0	64.0000000000000000	35.0800000000000000	0.00000000000000000000	3.1500000000000000
AAAAAAAAABGAAAAA		1	64.0000000000000000	35.0800000000000000	0.00000000000000000000	3.1500000000000000
AAAAAAAAABGBAAAA	TN	0	40.0000000000000000	25.0700000000000000	0.00000000000000000000	16.0400000000000000
AAAAAAAAABGBAAAA		1	40.0000000000000000	25.0700000000000000	0.00000000000000000000	16.0400000000000000
AAAAAAAAABGEAAAA	TN	0	39.5000000000000000	56.7650000000000000	14.2550000000000000	36.0050000000000000
AAAAAAAAABGEAAAA		1	39.5000000000000000	56.7650000000000000	14.2550000000000000	36.0050000000000000
AAAAAAAAABHAAAAA	TN	0	93.0000000000000000	74.8000000000000000	0.00000000000000000000	21.6900000000000000
AAAAAAAAABHAAAAA		1	93.0000000000000000	74.8000000000000000	0.00000000000000000000	21.6900000000000000
AAAAAAAAABHCAAAA	TN	0	31.5000000000000000	79.8350000000000000	181.3800000000000000	61.9350000000000000
AAAAAAAAABHCAAAA		1	31.5000000000000000	79.8350000000000000	181.3800000000000000	61.9350000000000000
AAAAAAAAABIBAAAA	TN	0	48.0000000000000000	170.8900000000000000	0.00000000000000000000	140.1200000000000000
AAAAAAAAABIBAAAA		1	48.0000000000000000	170.8900000000000000	0.00000000000000000000	140.1200000000000000
AAAAAAAAABJAAAAA	TN	0	46.5000000000000000	82.3250000000000000	0.00000000000000000000	44.9850000000000000
AAAAAAAAABJAAAAA		1	46.5000000000000000	82.3250000000000000	0.00000000000000000000	44.9850000000000000
AAAAAAAAABJBAAAA	TN	0	76.0000000000000000	12.4000000000000000	0.00000000000000000000	3.9600000000000000
AAAAAAAAABJBAAAA		1	76.0000000000000000	12.4000000000000000	0.00000000000000000000	3.9600000000000000
AAAAAAAAABJDAAAA	TN	0	34.0000000000000000	118.5050000000000000	0.00000000000000000000	61.2050000000000000
AAAAAAAAABJDAAAA		1	34.0000000000000000	118.5050000000000000	0.00000000000000000000	61.2050000000000000
AAAAAAAAABKAAAAA	TN	0	65.0000000000000000	8.7750000000000000	0.00000000000000000000	5.1800000000000000
AAAAAAAAABKAAAAA		1	65.0000000000000000	8.7750000000000000	0.00000000000000000000	5.1800000000000000
AAAAAAAAABKCAAAA	TN	0	26.0000000000000000	51.5700000000000000	0.00000000000000000000	41.2500000000000000
AAAAAAAAABKCAAAA		1	26.0000000000000000	51.5700000000000000	0.00000000000000000000	41.2500000000000000
AAAAAAAAABLBAAAA	TN	0	61.5000000000000000	149.1200000000000000	0.00000000000000000000	82.5400000000000000
AAAAAAAAABLBAAAA		1	61.5000000000000000	149.1200000000000000	0.00000000000000000000	82.5400000000000000
AAAAAAAAABMAAAAA	TN	0	14.0000000000000000	109.9700000000000000	0.00000000000000000000	10.9900000000000000
AAAAAAAAABMAAAAA		1	14.0000000000000000	109.9700000000000000	0.00000000000000000000	10.9900000000000000
