Atchison County	2000	0.80022122255323317000	0.24296409050189942849	11.9445603790314636	3.1629539005117017
Bacon County	2000	1.1688263943952474	0.39403766524802860090	0.96879954629747597005	0.51074307597909569854
Bourbon County	2000	1.91311509060926393907	0.98192792964261971464	3.3648023500626071	1.3801228103490413
Boyd County	2000	1.0863239512313728	0.81150651538925166542	1.1689723371845602	0.74205710398976401757
Bradley County	2000	1.4896316361957169	0.57578486548522805647	1.3443897364936094	0.99891877138928417661
Buchanan County	2000	1.19566727137363387847	0.74604885883738339356	3.3329042783751474	2.2397877343814257
Carter County	2000	3.9537385800042996	1.1510329980672150	2.1192846596920995	1.8444911326466025
Cass County	2000	2.3987195504568156	1.1905819797829050	2.2571691696999727	0.84780101549115186839
Corson County	2000	0.56030923342547497714	0.17508101507548449599	4.8074087862722056	3.2271407451526787
Crockett County	2000	1.6371064518062077	0.36046806152742691417	2.1340423005791071	1.8324513293259952
Culpeper County	2000	0.66175108378675541380	0.61901443941343764310	1.6592481348049064	1.2241690636860597
Edmonson County	2000	0.73244217660594344500	0.29975334157457252215	1.6028970514867945	1.4912456696659096
Ferry County	2000	0.70137257653502215768	0.34101041397923842861	4.0029194829697632	2.6034642443349181
Fillmore County	2000	0.50776892269141097567	0.34992122526149135952	2.4431616785121784	1.3011358414889186
Forest County	2000	0.64474509676311067690	0.34236715380074355949	5.7710273664162307	1.8810739629261573
Gaston County	2000	0.76377358550287164559	0.45549556863686726153	3.9556112795070353	2.1415720886758640
Grant County	2000	0.69333590652908074631	0.62287006574997139298	1.7886444039125581	1.7221969826500875
Green County	2000	0.76366674014323608886	0.32149850381679389313	4.6941517961425306	4.2070339315624657
Harlan County	2000	1.6703545240264873	1.5901146258391655	2.4719588003517353	2.1072942355290210
Harris County	2000	2.3375687833906496	0.33312643409982710927	2.4170578769396491	1.02579422343889163671
Heard County	2000	4.1025542579734511	1.2669473694434977	3.5002279608513049	1.1278040028199703
Houston County	2000	2.0453258137907217	1.0389826202454423	1.9650510110743426	1.4211932847942466
Ingham County	2000	0.57439040456317571111	0.38411364614137043667	1.3065165902188885	0.99206101318719730275
Lake County	2000	1.2550773497289410	0.74592816715512231750	1.5151472586438184	1.2656615786321439
Lamar County	2000	0.74935756785185025726	0.74561686926617447527	4.2690358316233218	2.0295838218679857
Lincoln County	2000	1.01913659071384428173	0.94484496987343286653	2.3359598199735842	1.7769277358379725
Marion County	2000	1.1589986714689954	0.91651142001299549685	2.4450399554295876	1.8510728196601341
Mercer County	2000	0.73834174125133450643	0.60167821268000052444	3.0124500284653521	2.7244702683309688
Meriwether County	2000	0.36574758846944088321	0.30041718463447056981	2.7722700986679973	0.78776868963148061476
Miller County	2000	2.5757448663557180	1.3182733129432445	2.1919678462524499	0.98221811316296353289
Mitchell County	2000	4.4392330087497409	1.1613347451259318	1.3940362806646126	1.2560744542588897
Mora County	2000	1.18326068380690729344	0.63565423603324903385	2.5131204065962192	0.91856717529667620671
Nantucket County	2000	1.4378967052837495	0.72269208618896859355	1.17548815032780566738	0.96230376242629915245
New Kent County	2000	0.60261619426584361180	0.39906221113515664790	2.8693863956748718	2.6258948353412249
Nicholas County	2000	2.1651161964619200	2.0562739534940777	6.0212998125152936	1.2625765839203808
Otero County	2000	2.7546552678761135	1.2462988571929090	2.9761108204422650	2.2458346456182303
Oxford County	2000	0.97314297173872373148	0.75724045599001459667	4.0126868988256816	1.6407510359361429
Perry County	2000	1.5807803125453118	0.76445318524892981780	2.1533699492491147	1.8024103856411052
Prince William County	2000	3.3763729439063258	0.63078729636059462761	1.7069667259125603	0.93432375394637831912
Refugio County	2000	1.8129764326097072	0.58673180053863495251	1.3019839008567609	1.2696035666376436
Rice County	2000	1.1346984555479943	0.73301764481377922410	2.3781493552970069	1.9864018285526178
Richmond County	2000	1.5716652901094363	1.2940149915147267	2.3095920111803405	1.7780157400421675
Sheridan County	2000	1.3860299311291494	1.2506570362894268	1.5759362743130516	0.53788607762307843012
Smith County	2000	0.63693574125248122057	0.42788183437540550995	5.7448445717910221	4.4779584209856161
Stark County	2000	7.3382195945512569	1.4175891171879089	1.8638395274222199	1.2273657769901164
Steele County	2000	1.3774133393888248	0.76651250341980977052	1.2479733580469675	0.93119537471174059736
Stone County	2000	1.9000421938690869	0.81192032477816489356	3.6993611057952987	1.5216619495509536
Tooele County	2000	6.5903028509420933	0.76891048907427463498	1.7886371812469657	0.34006728939756397967
Vernon County	2000	0.97445432611778328311	0.91594620425255140696	1.3688036212157211	1.04171186172364664013
Williamson County	2000	2.9851021643512662	0.39141774151209165379	5.8059645786633862	4.3966990954437408
Wright County	2000	5.0293351388199723	1.9708098939070052	4.0765289148903368	1.9664724517823110
