1	1569	1	212.0000000000000000	1.6302135196395330	1	1569	2	239.2500000000000000	1.2641513267800543
1	5627	1	282.7500000000000000	1.5657032366359894	1	5627	2	297.5000000000000000	1.2084286841430689
1	7999	1	166.2500000000000000	1.7924231710846195	1	7999	2	375.3333333333333333	1.0080922635507176
1	8611	1	300.5000000000000000	1.5191545184147953	1	8611	2	243.7500000000000000	1.2342122780960410
1	15345	1	148.5000000000000000	1.5295784035794007	1	15345	2	246.5000000000000000	1.5087987747231521
2	71	1	221.5000000000000000	1.5639741083347449	2	71	2	309.0000000000000000	1.4917057895885696
2	6103	1	194.3333333333333333	1.5160670179307393	2	6103	2	158.5000000000000000	1.2743698636165047
2	6489	1	268.0000000000000000	1.6956372368432276	2	6489	2	389.0000000000000000	1.4105780519299769
2	15839	1	353.0000000000000000	1.5063684437542918	2	15839	2	255.5000000000000000	1.2362393182894090
3	7207	1	329.6666666666666667	1.5954482160720394	3	7207	2	414.5000000000000000	1.0179197079089361
3	10547	1	182.3333333333333333	1.5325641514869049	3	10547	2	320.2500000000000000	1.3024418443731522
3	12867	1	278.2500000000000000	1.6403800123947350	3	12867	2	350.7500000000000000	1.2006933321742808
4	947	1	247.5000000000000000	1.6933181813486990	4	947	2	203.3333333333333333	1.2054331451619295
5	3137	1	271.2500000000000000	1.5754532205928627	5	3137	2	380.0000000000000000	1.0834203388600316
