30	165.67	340.6350000000000000
30	247.07	340.6350000000000000
30	627.63	340.6350000000000000
619	158.76	348.6400000000000000
619	210.81	348.6400000000000000
619	464.26	348.6400000000000000
619	560.73	348.6400000000000000
271	79.26	354.3300000000000000
271	86.87	354.3300000000000000
271	179.61	354.3300000000000000
271	1071.58	354.3300000000000000
827	82.44	356.5900000000000000
827	320.05	356.5900000000000000
827	666.52	356.5900000000000000
296	188.61	369.1250000000000000
296	265.76	369.1250000000000000
296	655.24	369.1250000000000000
308	200.28	385.9825000000000000
308	214.07	385.9825000000000000
308	489.17	385.9825000000000000
308	640.41	385.9825000000000000
486	178.80	400.5300000000000000
486	455.08	400.5300000000000000
486	468.01	400.5300000000000000
486	500.23	400.5300000000000000
554	191.48	407.9750000000000000
554	346.80	407.9750000000000000
554	660.97	407.9750000000000000
208	151.84	410.3850000000000000
208	207.02	410.3850000000000000
208	533.75	410.3850000000000000
208	748.93	410.3850000000000000
662	199.83	412.1350000000000000
662	300.61	412.1350000000000000
662	460.94	412.1350000000000000
662	687.16	412.1350000000000000
394	264.65	413.4050000000000000
394	272.02	413.4050000000000000
394	674.12	413.4050000000000000
221	183.63	416.0825000000000000
221	534.62	416.0825000000000000
221	552.44	416.0825000000000000
621	232.20	418.1150000000000000
621	624.80	418.1150000000000000
507	76.98	419.4650000000000000
507	505.36	419.4650000000000000
507	644.24	419.4650000000000000
316	36.25	423.0350000000000000
316	158.85	423.0350000000000000
316	697.32	423.0350000000000000
316	799.72	423.0350000000000000
56	110.81	423.0975000000000000
56	371.77	423.0975000000000000
56	500.77	423.0975000000000000
56	709.04	423.0975000000000000
517	194.87	426.2875000000000000
517	313.41	426.2875000000000000
517	482.41	426.2875000000000000
517	714.46	426.2875000000000000
411	364.09	426.8925000000000000
411	519.60	426.8925000000000000
247	313.42	427.6825000000000000
247	353.08	427.6825000000000000
247	628.37	427.6825000000000000
652	228.75	434.7525000000000000
652	314.98	434.7525000000000000
652	365.90	434.7525000000000000
652	829.38	434.7525000000000000
129	301.69	436.4525000000000000
129	325.26	436.4525000000000000
129	550.47	436.4525000000000000
129	568.39	436.4525000000000000
99	164.24	438.6675000000000000
99	183.75	438.6675000000000000
99	393.58	438.6675000000000000
99	1013.10	438.6675000000000000
235	111.64	441.0300000000000000
235	179.51	441.0300000000000000
235	493.83	441.0300000000000000
235	979.14	441.0300000000000000
360	143.83	445.4150000000000000
360	293.99	445.4150000000000000
360	928.51	445.4150000000000000
732	106.56	447.0650000000000000
732	300.77	447.0650000000000000
732	498.49	447.0650000000000000
732	882.44	447.0650000000000000
190	202.77	451.9825000000000000
190	233.10	451.9825000000000000
190	358.97	451.9825000000000000
190	1013.09	451.9825000000000000
147	212.53	455.8925000000000000
147	366.10	455.8925000000000000
147	553.92	455.8925000000000000
147	691.02	455.8925000000000000
665	283.25	456.0875000000000000
665	357.22	456.0875000000000000
665	691.20	456.0875000000000000
85	325.28	456.2800000000000000
85	350.10	456.2800000000000000
