able	AAAAAAAACAAAAAAA	5271	1.3626518758009293	3.0863956254873343	0.32208852257511291540	0.48042359796009775186	1.1416324806328207	0.75984069332181787476	1.8454861682077488
able	AAAAAAAACAAAAAAA	5271	1.3626518758009293	3.0863956254873343	0.32208852257511291540	0.48042359796009775186	1.1416324806328207	0.75984069332181787476	1.8454861682077488
able	AAAAAAAACAAAAAAA	5271	1.3626518758009293	3.0863956254873343	0.32208852257511291540	0.48042359796009775186	1.1416324806328207	0.75984069332181787476	1.8454861682077488
able	AAAAAAAACAAAAAAA	5271	1.3626518758009293	3.0863956254873343	0.32208852257511291540	0.48042359796009775186	1.1416324806328207	0.75984069332181787476	1.8454861682077488
able	AAAAAAAACAAAAAAA	5271	1.3626518758009293	3.0863956254873343	0.32208852257511291540	0.48042359796009775186	1.1416324806328207	0.75984069332181787476	1.8454861682077488
able	AAAAAAAACAAAAAAA	5271	1.3626518758009293	3.0863956254873343	0.32208852257511291540	0.48042359796009775186	1.1416324806328207	0.75984069332181787476	1.8454861682077488
able	AAAAAAAACAAAAAAA	5271	1.3626518758009293	3.0863956254873343	0.32208852257511291540	0.48042359796009775186	1.1416324806328207	0.75984069332181787476	1.8454861682077488
able	AAAAAAAACAAAAAAA	5271	1.3626518758009293	3.0863956254873343	0.32208852257511291540	0.48042359796009775186	1.1416324806328207	0.75984069332181787476	1.8454861682077488
able	AAAAAAAACAAAAAAA	5271	1.3626518758009293	3.0863956254873343	0.32208852257511291540	0.48042359796009775186	1.1416324806328207	0.75984069332181787476	1.8454861682077488
able	AAAAAAAACAAAAAAA	5271	1.3626518758009293	3.0863956254873343	0.32208852257511291540	0.48042359796009775186	1.1416324806328207	0.75984069332181787476	1.8454861682077488
able	AAAAAAAACAAAAAAA	5271	1.3626518758009293	3.0863956254873343	0.32208852257511291540	0.48042359796009775186	1.1416324806328207	0.75984069332181787476	1.8454861682077488
able	AAAAAAAACAAAAAAA	5271	1.3626518758009293	3.0863956254873343	0.32208852257511291540	0.48042359796009775186	1.1416324806328207	0.75984069332181787476	1.8454861682077488
able	AAAAAAAACAAAAAAA	5271	1.3626518758009293	3.0863956254873343	0.32208852257511291540	0.48042359796009775186	1.1416324806328207	0.75984069332181787476	1.8454861682077488
able	AAAAAAAACAAAAAAA	5271	1.3626518758009293	3.0863956254873343	0.32208852257511291540	0.48042359796009775186	1.1416324806328207	0.75984069332181787476	1.8454861682077488
able	AAAAAAAACAAAAAAA	5271	1.3626518758009293	3.0863956254873343	0.32208852257511291540	0.48042359796009775186	1.1416324806328207	0.75984069332181787476	1.8454861682077488
able	AAAAAAAACAAAAAAA	5271	1.3626518758009293	3.0863956254873343	0.32208852257511291540	0.48042359796009775186	1.1416324806328207	0.75984069332181787476	1.8454861682077488
able	AAAAAAAACAAAAAAA	5271	1.3626518758009293	3.0863956254873343	0.32208852257511291540	0.48042359796009775186	1.1416324806328207	0.75984069332181787476	1.8454861682077488
able	AAAAAAAACAAAAAAA	5271	1.3626518758009293	3.0863956254873343	0.32208852257511291540	0.48042359796009775186	1.1416324806328207	0.75984069332181787476	1.8454861682077488
able	AAAAAAAACAAAAAAA	5271	1.3626518758009293	3.0863956254873343	0.32208852257511291540	0.48042359796009775186	1.1416324806328207	0.75984069332181787476	1.8454861682077488
able	AAAAAAAACAAAAAAA	5271	1.3626518758009293	3.0863956254873343	0.32208852257511291540	0.48042359796009775186	1.1416324806328207	0.75984069332181787476	1.8454861682077488
able	AAAAAAAACAAAAAAA	5271	1.3626518758009293	3.0863956254873343	0.32208852257511291540	0.48042359796009775186	1.1416324806328207	0.75984069332181787476	1.8454861682077488
able	AAAAAAAACAAAAAAA	5271	1.3626518758009293	3.0863956254873343	0.32208852257511291540	0.48042359796009775186	1.1416324806328207	0.75984069332181787476	1.8454861682077488
able	AAAAAAAACAAAAAAA	5271	1.3626518758009293	3.0863956254873343	0.32208852257511291540	0.48042359796009775186	1.1416324806328207	0.75984069332181787476	1.8454861682077488
able	AAAAAAAACAAAAAAA	5271	1.3626518758009293	3.0863956254873343	0.32208852257511291540	0.48042359796009775186	1.1416324806328207	0.75984069332181787476	1.8454861682077488
able	AAAAAAAACAAAAAAA	5271	1.3626518758009293	3.0863956254873343	0.32208852257511291540	0.48042359796009775186	1.1416324806328207	0.75984069332181787476	1.8454861682077488
able	AAAAAAAACAAAAAAA	5271	1.3626518758009293	3.0863956254873343	0.32208852257511291540	0.48042359796009775186	1.1416324806328207	0.75984069332181787476	1.8454861682077488
able	AAAAAAAACAAAAAAA	5271	1.3626518758009293	3.0863956254873343	0.32208852257511291540	0.48042359796009775186	1.1416324806328207	0.75984069332181787476	1.8454861682077488
able	AAAAAAAACAAAAAAA	5271	1.3626518758009293	3.0863956254873343	0.32208852257511291540	0.48042359796009775186	1.1416324806328207	0.75984069332181787476	1.8454861682077488
able	AAAAAAAACAAAAAAA	5271	1.3626518758009293	3.0863956254873343	0.32208852257511291540	0.48042359796009775186	1.1416324806328207	0.75984069332181787476	1.8454861682077488
able	AAAAAAAACAAAAAAA	5271	1.3626518758009293	3.0863956254873343	0.32208852257511291540	0.48042359796009775186	1.1416324806328207	0.75984069332181787476	1.8454861682077488
able	AAAAAAAACAAAAAAA	5271	1.3626518758009293	3.0863956254873343	0.32208852257511291540	0.48042359796009775186	1.1416324806328207	0.75984069332181787476	1.8454861682077488
able	AAAAAAAACAAAAAAA	5271	1.3626518758009293	3.0863956254873343	0.32208852257511291540	0.48042359796009775186	1.1416324806328207	0.75984069332181787476	1.8454861682077488
able	AAAAAAAACAAAAAAA	5271	1.3626518758009293	3.0863956254873343	0.32208852257511291540	0.48042359796009775186	1.1416324806328207	0.75984069332181787476	1.8454861682077488
able	AAAAAAAACAAAAAAA	5271	1.3626518758009293	3.0863956254873343	0.32208852257511291540	0.48042359796009775186	1.1416324806328207	0.75984069332181787476	1.8454861682077488
able	AAAAAAAACAAAAAAA	5271	1.3626518758009293	3.0863956254873343	0.32208852257511291540	0.48042359796009775186	1.1416324806328207	0.75984069332181787476	1.8454861682077488
able	AAAAAAAACAAAAAAA	5271	1.3626518758009293	3.0863956254873343	0.32208852257511291540	0.48042359796009775186	1.1416324806328207	0.75984069332181787476	1.8454861682077488
able	AAAAAAAACAAAAAAA	5271	1.3626518758009293	3.0863956254873343	0.32208852257511291540	0.48042359796009775186	1.1416324806328207	0.75984069332181787476	1.8454861682077488
able	AAAAAAAACAAAAAAA	5271	1.3626518758009293	3.0863956254873343	0.32208852257511291540	0.48042359796009775186	1.1416324806328207	0.75984069332181787476	1.8454861682077488
able	AAAAAAAACAAAAAAA	5271	1.3626518758009293	3.0863956254873343	0.32208852257511291540	0.48042359796009775186	1.1416324806328207	0.75984069332181787476	1.8454861682077488
able	AAAAAAAACAAAAAAA	5271	1.3626518758009293	3.0863956254873343	0.32208852257511291540	0.48042359796009775186	1.1416324806328207	0.75984069332181787476	1.8454861682077488
able	AAAAAAAACAAAAAAA	5271	1.3626518758009293	3.0863956254873343	0.32208852257511291540	0.48042359796009775186	1.1416324806328207	0.75984069332181787476	1.8454861682077488
able	AAAAAAAACAAAAAAA	5271	1.3626518758009293	3.0863956254873343	0.32208852257511291540	0.48042359796009775186	1.1416324806328207	0.75984069332181787476	1.8454861682077488
able	AAAAAAAACAAAAAAA	5271	1.3626518758009293	3.0863956254873343	0.32208852257511291540	0.48042359796009775186	1.1416324806328207	0.75984069332181787476	1.8454861682077488
able	AAAAAAAACAAAAAAA	5271	1.3626518758009293	3.0863956254873343	0.32208852257511291540	0.48042359796009775186	1.1416324806328207	0.75984069332181787476	1.8454861682077488
able	AAAAAAAACAAAAAAA	5271	1.3626518758009293	3.0863956254873343	0.32208852257511291540	0.48042359796009775186	1.1416324806328207	0.75984069332181787476	1.8454861682077488
able	AAAAAAAACAAAAAAA	5271	1.3626518758009293	3.0863956254873343	0.32208852257511291540	0.48042359796009775186	1.1416324806328207	0.75984069332181787476	1.8454861682077488
able	AAAAAAAACAAAAAAA	5271	1.3626518758009293	3.0863956254873343	0.32208852257511291540	0.48042359796009775186	1.1416324806328207	0.75984069332181787476	1.8454861682077488
able	AAAAAAAACAAAAAAA	5271	1.3626518758009293	3.0863956254873343	0.32208852257511291540	0.48042359796009775186	1.1416324806328207	0.75984069332181787476	1.8454861682077488
able	AAAAAAAACAAAAAAA	5271	1.3626518758009293	3.0863956254873343	0.32208852257511291540	0.48042359796009775186	1.1416324806328207	0.75984069332181787476	1.8454861682077488
able	AAAAAAAACAAAAAAA	5272	1.0968957278027334	0.75834761561609223944	0.68000725054379078431	0.98738612326077246564	1.0034372194433757	1.3335478838105351	0.99233802071051205355
able	AAAAAAAACAAAAAAA	5272	1.0968957278027334	0.75834761561609223944	0.68000725054379078431	0.98738612326077246564	1.0034372194433757	1.3335478838105351	0.99233802071051205355
able	AAAAAAAACAAAAAAA	5272	1.0968957278027334	0.75834761561609223944	0.68000725054379078431	0.98738612326077246564	1.0034372194433757	1.3335478838105351	0.99233802071051205355
able	AAAAAAAACAAAAAAA	5272	1.0968957278027334	0.75834761561609223944	0.68000725054379078431	0.98738612326077246564	1.0034372194433757	1.3335478838105351	0.99233802071051205355
able	AAAAAAAACAAAAAAA	5272	1.0968957278027334	0.75834761561609223944	0.68000725054379078431	0.98738612326077246564	1.0034372194433757	1.3335478838105351	0.99233802071051205355
able	AAAAAAAACAAAAAAA	5272	1.0968957278027334	0.75834761561609223944	0.68000725054379078431	0.98738612326077246564	1.0034372194433757	1.3335478838105351	0.99233802071051205355
able	AAAAAAAACAAAAAAA	5272	1.0968957278027334	0.75834761561609223944	0.68000725054379078431	0.98738612326077246564	1.0034372194433757	1.3335478838105351	0.99233802071051205355
able	AAAAAAAACAAAAAAA	5272	1.0968957278027334	0.75834761561609223944	0.68000725054379078431	0.98738612326077246564	1.0034372194433757	1.3335478838105351	0.99233802071051205355
able	AAAAAAAACAAAAAAA	5272	1.0968957278027334	0.75834761561609223944	0.68000725054379078431	0.98738612326077246564	1.0034372194433757	1.3335478838105351	0.99233802071051205355
able	AAAAAAAACAAAAAAA	5272	1.0968957278027334	0.75834761561609223944	0.68000725054379078431	0.98738612326077246564	1.0034372194433757	1.3335478838105351	0.99233802071051205355
able	AAAAAAAACAAAAAAA	5272	1.0968957278027334	0.75834761561609223944	0.68000725054379078431	0.98738612326077246564	1.0034372194433757	1.3335478838105351	0.99233802071051205355
able	AAAAAAAACAAAAAAA	5272	1.0968957278027334	0.75834761561609223944	0.68000725054379078431	0.98738612326077246564	1.0034372194433757	1.3335478838105351	0.99233802071051205355
able	AAAAAAAACAAAAAAA	5272	1.0968957278027334	0.75834761561609223944	0.68000725054379078431	0.98738612326077246564	1.0034372194433757	1.3335478838105351	0.99233802071051205355
able	AAAAAAAACAAAAAAA	5272	1.0968957278027334	0.75834761561609223944	0.68000725054379078431	0.98738612326077246564	1.0034372194433757	1.3335478838105351	0.99233802071051205355
able	AAAAAAAACAAAAAAA	5272	1.0968957278027334	0.75834761561609223944	0.68000725054379078431	0.98738612326077246564	1.0034372194433757	1.3335478838105351	0.99233802071051205355
able	AAAAAAAACAAAAAAA	5272	1.0968957278027334	0.75834761561609223944	0.68000725054379078431	0.98738612326077246564	1.0034372194433757	1.3335478838105351	0.99233802071051205355
able	AAAAAAAACAAAAAAA	5272	1.0968957278027334	0.75834761561609223944	0.68000725054379078431	0.98738612326077246564	1.0034372194433757	1.3335478838105351	0.99233802071051205355
able	AAAAAAAACAAAAAAA	5272	1.0968957278027334	0.75834761561609223944	0.68000725054379078431	0.98738612326077246564	1.0034372194433757	1.3335478838105351	0.99233802071051205355
able	AAAAAAAACAAAAAAA	5272	1.0968957278027334	0.75834761561609223944	0.68000725054379078431	0.98738612326077246564	1.0034372194433757	1.3335478838105351	0.99233802071051205355
able	AAAAAAAACAAAAAAA	5272	1.0968957278027334	0.75834761561609223944	0.68000725054379078431	0.98738612326077246564	1.0034372194433757	1.3335478838105351	0.99233802071051205355
able	AAAAAAAACAAAAAAA	5272	1.0968957278027334	0.75834761561609223944	0.68000725054379078431	0.98738612326077246564	1.0034372194433757	1.3335478838105351	0.99233802071051205355
able	AAAAAAAACAAAAAAA	5272	1.0968957278027334	0.75834761561609223944	0.68000725054379078431	0.98738612326077246564	1.0034372194433757	1.3335478838105351	0.99233802071051205355
able	AAAAAAAACAAAAAAA	5272	1.0968957278027334	0.75834761561609223944	0.68000725054379078431	0.98738612326077246564	1.0034372194433757	1.3335478838105351	0.99233802071051205355
able	AAAAAAAACAAAAAAA	5272	1.0968957278027334	0.75834761561609223944	0.68000725054379078431	0.98738612326077246564	1.0034372194433757	1.3335478838105351	0.99233802071051205355
able	AAAAAAAACAAAAAAA	5272	1.0968957278027334	0.75834761561609223944	0.68000725054379078431	0.98738612326077246564	1.0034372194433757	1.3335478838105351	0.99233802071051205355
able	AAAAAAAACAAAAAAA	5272	1.0968957278027334	0.75834761561609223944	0.68000725054379078431	0.98738612326077246564	1.0034372194433757	1.3335478838105351	0.99233802071051205355
able	AAAAAAAACAAAAAAA	5272	1.0968957278027334	0.75834761561609223944	0.68000725054379078431	0.98738612326077246564	1.0034372194433757	1.3335478838105351	0.99233802071051205355
able	AAAAAAAACAAAAAAA	5272	1.0968957278027334	0.75834761561609223944	0.68000725054379078431	0.98738612326077246564	1.0034372194433757	1.3335478838105351	0.99233802071051205355
able	AAAAAAAACAAAAAAA	5272	1.0968957278027334	0.75834761561609223944	0.68000725054379078431	0.98738612326077246564	1.0034372194433757	1.3335478838105351	0.99233802071051205355
able	AAAAAAAACAAAAAAA	5272	1.0968957278027334	0.75834761561609223944	0.68000725054379078431	0.98738612326077246564	1.0034372194433757	1.3335478838105351	0.99233802071051205355
able	AAAAAAAACAAAAAAA	5272	1.0968957278027334	0.75834761561609223944	0.68000725054379078431	0.98738612326077246564	1.0034372194433757	1.3335478838105351	0.99233802071051205355
able	AAAAAAAACAAAAAAA	5272	1.0968957278027334	0.75834761561609223944	0.68000725054379078431	0.98738612326077246564	1.0034372194433757	1.3335478838105351	0.99233802071051205355
able	AAAAAAAACAAAAAAA	5272	1.0968957278027334	0.75834761561609223944	0.68000725054379078431	0.98738612326077246564	1.0034372194433757	1.3335478838105351	0.99233802071051205355
able	AAAAAAAACAAAAAAA	5272	1.0968957278027334	0.75834761561609223944	0.68000725054379078431	0.98738612326077246564	1.0034372194433757	1.3335478838105351	0.99233802071051205355
able	AAAAAAAACAAAAAAA	5272	1.0968957278027334	0.75834761561609223944	0.68000725054379078431	0.98738612326077246564	1.0034372194433757	1.3335478838105351	0.99233802071051205355
able	AAAAAAAACAAAAAAA	5272	1.0968957278027334	0.75834761561609223944	0.68000725054379078431	0.98738612326077246564	1.0034372194433757	1.3335478838105351	0.99233802071051205355
able	AAAAAAAACAAAAAAA	5272	1.0968957278027334	0.75834761561609223944	0.68000725054379078431	0.98738612326077246564	1.0034372194433757	1.3335478838105351	0.99233802071051205355
able	AAAAAAAACAAAAAAA	5272	1.0968957278027334	0.75834761561609223944	0.68000725054379078431	0.98738612326077246564	1.0034372194433757	1.3335478838105351	0.99233802071051205355
able	AAAAAAAACAAAAAAA	5272	1.0968957278027334	0.75834761561609223944	0.68000725054379078431	0.98738612326077246564	1.0034372194433757	1.3335478838105351	0.99233802071051205355
able	AAAAAAAACAAAAAAA	5272	1.0968957278027334	0.75834761561609223944	0.68000725054379078431	0.98738612326077246564	1.0034372194433757	1.3335478838105351	0.99233802071051205355
able	AAAAAAAACAAAAAAA	5272	1.0968957278027334	0.75834761561609223944	0.68000725054379078431	0.98738612326077246564	1.0034372194433757	1.3335478838105351	0.99233802071051205355
able	AAAAAAAACAAAAAAA	5272	1.0968957278027334	0.75834761561609223944	0.68000725054379078431	0.98738612326077246564	1.0034372194433757	1.3335478838105351	0.99233802071051205355
able	AAAAAAAACAAAAAAA	5272	1.0968957278027334	0.75834761561609223944	0.68000725054379078431	0.98738612326077246564	1.0034372194433757	1.3335478838105351	0.99233802071051205355
able	AAAAAAAACAAAAAAA	5272	1.0968957278027334	0.75834761561609223944	0.68000725054379078431	0.98738612326077246564	1.0034372194433757	1.3335478838105351	0.99233802071051205355
able	AAAAAAAACAAAAAAA	5272	1.0968957278027334	0.75834761561609223944	0.68000725054379078431	0.98738612326077246564	1.0034372194433757	1.3335478838105351	0.99233802071051205355
able	AAAAAAAACAAAAAAA	5272	1.0968957278027334	0.75834761561609223944	0.68000725054379078431	0.98738612326077246564	1.0034372194433757	1.3335478838105351	0.99233802071051205355
able	AAAAAAAACAAAAAAA	5272	1.0968957278027334	0.75834761561609223944	0.68000725054379078431	0.98738612326077246564	1.0034372194433757	1.3335478838105351	0.99233802071051205355
able	AAAAAAAACAAAAAAA	5272	1.0968957278027334	0.75834761561609223944	0.68000725054379078431	0.98738612326077246564	1.0034372194433757	1.3335478838105351	0.99233802071051205355
able	AAAAAAAACAAAAAAA	5272	1.0968957278027334	0.75834761561609223944	0.68000725054379078431	0.98738612326077246564	1.0034372194433757	1.3335478838105351	0.99233802071051205355
able	AAAAAAAACAAAAAAA	5273	1.1972850508076422	1.0271507543475757	0.47495191280188074375	0.63246293381445168550	0.70891506186318804209	1.4923288993818617	0.57400582745244495806
able	AAAAAAAACAAAAAAA	5273	1.1972850508076422	1.0271507543475757	0.47495191280188074375	0.63246293381445168550	0.70891506186318804209	1.4923288993818617	0.57400582745244495806
