AAAAAAAAANECAAAA	34	18.57923497267759562800	9	4.91803278688524590200	18	9.83606557377049180300	20.3333333333333333
AAAAAAAACAOBAAAA	27	11.68831168831168831200	38	16.45021645021645021600	12	5.19480519480519480500	25.6666666666666667
AAAAAAAACBNDAAAA	38	11.62079510703363914400	52	15.90214067278287461800	19	5.81039755351681957200	36.3333333333333333
AAAAAAAACCGAAAAA	30	15.15151515151515151500	18	9.09090909090909090900	18	9.09090909090909090900	22.0000000000000000
AAAAAAAACKBDAAAA	32	12.69841269841269841300	22	8.73015873015873015900	30	11.90476190476190476200	28.0000000000000000
AAAAAAAACOIBAAAA	31	8.07291666666666666700	29	7.55208333333333333300	68	17.70833333333333333300	42.6666666666666667
AAAAAAAAEBLDAAAA	9	3.70370370370370370400	34	13.99176954732510288100	38	15.63786008230452674900	27.0000000000000000
AAAAAAAAELFDAAAA	54	20.22471910112359550600	4	1.49812734082397003700	31	11.61048689138576779000	29.6666666666666667
AAAAAAAAFEBAAAAA	19	15.44715447154471544700	17	13.82113821138211382100	5	4.06504065040650406500	13.6666666666666667
AAAAAAAAFODDAAAA	30	11.49425287356321839100	7	2.68199233716475095800	50	19.15708812260536398500	29.0000000000000000
AAAAAAAAGLMCAAAA	37	26.81159420289855072500	3	2.17391304347826087000	6	4.34782608695652173900	15.3333333333333333
AAAAAAAAHAGDAAAA	16	8.33333333333333333300	15	7.81250000000000000000	33	17.18750000000000000000	21.3333333333333333
AAAAAAAAHCDEAAAA	41	19.24882629107981220700	1	0.46948356807511737100	29	13.61502347417840375600	23.6666666666666667
AAAAAAAALAEBAAAA	19	6.95970695970695970700	21	7.69230769230769230800	51	18.68131868131868131900	30.3333333333333333
AAAAAAAAMBDEAAAA	26	6.37254901960784313700	66	16.17647058823529411800	44	10.78431372549019607800	45.3333333333333333
AAAAAAAAMBGBAAAA	5	5.05050505050505050500	1	1.01010101010101010100	27	27.27272727272727272700	11.0000000000000000
AAAAAAAAMDODAAAA	17	10.89743589743589743600	32	20.51282051282051282100	3	1.92307692307692307700	17.3333333333333333
AAAAAAAAMOIAAAAA	84	25.45454545454545454500	12	3.63636363636363636400	14	4.24242424242424242400	36.6666666666666667
AAAAAAAANMAAAAAA	12	25.00000000000000000000	1	2.08333333333333333300	3	6.25000000000000000000	5.3333333333333333
AAAAAAAAODOAAAAA	5	4.38596491228070175400	3	2.63157894736842105300	30	26.31578947368421052600	12.6666666666666667
AAAAAAAAPJOCAAAA	29	15.34391534391534391500	21	11.11111111111111111100	13	6.87830687830687830700	21.0000000000000000
