AAAAAAAAAAAEAAAA	63	30.010000	.000000	25.290000
AAAAAAAAAABEAAAA	96	75.340000	.000000	10.540000
AAAAAAAAAACAAAAA	73	199.770000	.000000	41.950000
AAAAAAAAAACCAAAA	23	26.620000	110.970000	14.200000
AAAAAAAAAADBAAAA	23	131.560000	.000000	26.310000
AAAAAAAAAADEAAAA	15	283.910000	.000000	19.870000
AAAAAAAAAAEAAAAA	71	176.713333	.000000	142.693333
AAAAAAAAAAEBAAAA	96	66.740000	1014.390000	16.010000
AAAAAAAAAAFCAAAA	85	76.810000	143.610000	42.240000
AAAAAAAAAAGEAAAA	47	136.925000	.000000	95.275000
AAAAAAAAAAHBAAAA	27	105.840000	.000000	35.980000
AAAAAAAAAAIDAAAA	78	126.370000	.000000	61.943333
AAAAAAAAAAJBAAAA	60	85.596666	23.200000	15.500000
AAAAAAAAAAKDAAAA	21	84.415000	.000000	26.850000
AAAAAAAAAALCAAAA	20	62.790000	.000000	48.970000
AAAAAAAAAALDAAAA	49	73.155000	.000000	21.005000
AAAAAAAAAAMCAAAA	81	229.620000	15221.170000	202.060000
AAAAAAAAAANAAAAA	42	79.990000	.000000	76.790000
AAAAAAAAAANDAAAA	94	27.920000	.000000	1.670000
AAAAAAAAAAOAAAAA	66	44.295000	25.820000	10.055000
AAAAAAAAAAOCAAAA	34	84.496666	1133.953333	63.430000
AAAAAAAAABABAAAA	45	79.820000	.000000	67.840000
AAAAAAAAABAEAAAA	1	171.540000	.000000	49.740000
AAAAAAAAABBAAAAA	8	279.080000	.000000	55.810000
AAAAAAAAABBCAAAA	56	45.970000	1286.380000	23.440000
AAAAAAAAABBDAAAA	47	22.440000	.000000	21.990000
AAAAAAAAABCBAAAA	84	43.870000	.000000	28.510000
AAAAAAAAABEDAAAA	43	105.770000	668.400000	37.010000
AAAAAAAAABFEAAAA	66	239.550000	.000000	184.450000
AAAAAAAAABJAAAAA	49	10.240000	.000000	8.080000
AAAAAAAAABKAAAAA	71	99.420000	.000000	15.900000
AAAAAAAAABLBAAAA	40	233.600000	.000000	93.440000
AAAAAAAAABOCAAAA	51	4.550000	.000000	4.140000
AAAAAAAAACCAAAAA	39	63.745000	22.260000	17.785000
AAAAAAAAACDCAAAA	51	158.975000	1334.070000	124.785000
AAAAAAAAACDDAAAA	85	75.735000	.000000	36.285000
AAAAAAAAACEEAAAA	38	78.690000	.000000	19.670000
AAAAAAAAACFDAAAA	93	59.440000	.000000	7.720000
AAAAAAAAACGCAAAA	55	103.210000	.000000	27.860000
AAAAAAAAACHBAAAA	62	180.290000	.000000	32.450000
AAAAAAAAACIBAAAA	95	214.400000	.000000	4.280000
AAAAAAAAACKBAAAA	59	92.910000	.000000	29.675000
AAAAAAAAACMCAAAA	65	119.550000	.000000	84.880000
AAAAAAAAACNBAAAA	65	169.290000	.000000	121.880000
AAAAAAAAACNCAAAA	12	64.160000	.000000	16.040000
AAAAAAAAACOBAAAA	90	50.840000	.000000	6.100000
AAAAAAAAACODAAAA	46	35.840000	.000000	16.276666
AAAAAAAAACPAAAAA	62	191.000000	823.815000	132.195000
AAAAAAAAADABAAAA	31	30.660000	.000000	2.450000
AAAAAAAAADACAAAA	31	174.060000	.000000	46.990000
AAAAAAAAADAEAAAA	21	65.430000	.000000	62.150000
AAAAAAAAADBAAAAA	88	102.570000	7392.180000	92.310000
AAAAAAAAADBDAAAA	67	221.220000	.000000	79.630000
AAAAAAAAADCAAAAA	67	70.160000	2248.620000	36.480000
AAAAAAAAADCDAAAA	37	92.280000	.000000	31.660000
AAAAAAAAADDCAAAA	27	133.790000	.000000	14.710000
AAAAAAAAADEAAAAA	99	26.540000	.000000	8.750000
AAAAAAAAADFDAAAA	49	56.580000	.000000	5.650000
AAAAAAAAADGEAAAA	49	87.960000	.000000	15.830000
AAAAAAAAADHAAAAA	36	32.890000	849.520000	25.650000
AAAAAAAAADIAAAAA	98	168.890000	.000000	69.240000
AAAAAAAAADIDAAAA	5	99.295000	.000000	86.445000
AAAAAAAAADJBAAAA	87	88.350000	7.680000	8.830000
AAAAAAAAADJCAAAA	71	30.500000	.000000	7.010000
AAAAAAAAADKAAAAA	40	123.010000	.000000	8.120000
AAAAAAAAADKBAAAA	23	61.770000	.000000	52.500000
AAAAAAAAADLAAAAA	35	108.690000	.000000	78.250000
AAAAAAAAADMBAAAA	14	181.430000	.000000	170.540000
AAAAAAAAADNAAAAA	23	43.280000	.000000	5.620000
AAAAAAAAADNBAAAA	19	119.640000	.000000	7.170000
AAAAAAAAADOCAAAA	37	30.225000	.000000	19.355000
AAAAAAAAADODAAAA	66	4.610000	.000000	2.530000
AAAAAAAAAEADAAAA	63	153.040000	.000000	148.440000
AAAAAAAAAEAEAAAA	25	189.940000	.000000	144.350000
AAAAAAAAAEBAAAAA	15	96.740000	.000000	10.640000
AAAAAAAAAECBAAAA	57	31.660000	.000000	11.390000
AAAAAAAAAEDBAAAA	90	185.310000	.000000	18.530000
AAAAAAAAAEFBAAAA	44	56.320000	.000000	39.495000
AAAAAAAAAEFCAAAA	14	136.800000	735.430000	82.080000
AAAAAAAAAEGBAAAA	93	138.200000	.000000	134.050000
AAAAAAAAAEGDAAAA	71	109.730000	332.440000	59.200000
AAAAAAAAAEHCAAAA	73	216.230000	.000000	211.900000
AAAAAAAAAEHDAAAA	28	85.425000	.000000	38.965000
AAAAAAAAAEJBAAAA	46	85.180000	.000000	79.210000
AAAAAAAAAEKCAAAA	59	69.260000	.000000	2.070000
AAAAAAAAAEMDAAAA	3	183.780000	.000000	134.150000
AAAAAAAAAFAAAAAA	54	255.710000	.000000	86.940000
AAAAAAAAAFADAAAA	90	51.000000	.000000	7.650000
AAAAAAAAAFBEAAAA	34	105.160000	.000000	37.665000
AAAAAAAAAFCDAAAA	81	66.525000	.000000	54.125000
AAAAAAAAAFDDAAAA	24	110.745000	.000000	56.095000
AAAAAAAAAFEEAAAA	44	78.870000	2115.770000	71.770000
AAAAAAAAAFFBAAAA	39	189.825000	.000000	56.225000
AAAAAAAAAFFDAAAA	27	73.310000	37.250000	2.190000
AAAAAAAAAFGCAAAA	64	164.065000	883.155000	150.200000
AAAAAAAAAFHBAAAA	18	92.060000	.000000	26.690000
AAAAAAAAAFIDAAAA	26	165.650000	409.990000	46.380000
AAAAAAAAAFLBAAAA	12	146.010000	13.645000	118.775000
AAAAAAAAAFMCAAAA	41	37.880000	.000000	13.630000
AAAAAAAAAFMDAAAA	72	97.770000	.000000	24.440000
