1	265	1	324	1.2467184355099714	1	265	2	329	1.0151581328149208
1	363	1	499	1.0329755818621025	1	363	2	321	1.1411766752007977
1	679	1	373	1.0977526546231178	1	679	2	417	1.0442215590007724
1	695	1	450	1.0853948097370445	1	695	2	368	1.1379639154357941
1	789	1	357	1.0352338266242935	1	789	2	410	1.0284221852702604
1	815	1	216	1.1729359528245524	1	815	2	150	1.3100805742820214
1	827	1	271	1.1077462708302386	1	827	2	424	1.167381160051524
1	1041	1	382	1.2864900861901847	1	1041	2	424	1.0023471604983039
1	1569	1	212	1.6302135196395351	1	1569	2	239	1.2654736608038841
1	1623	1	338	1.1293830530660247	1	1623	2	261	1.2734051414714331
1	2581	1	448	1.0616125558054159	1	2581	2	476	1.0368427483475877
1	2705	1	246	1.0130593224177131	1	2705	2	294	1.0766492682312918
1	3131	1	393	1.0056769734562703	1	3131	2	480	1.0680258674171812
1	3291	1	374	1.1967876804574453	1	3291	2	265	1.5744560428984171
1	3687	1	279	1.4299244859101847	1	3687	2	157	1.4557484737440274
1	4955	1	495	1.0323507412307942	1	4955	2	322	1.1712000484061518
1	5627	1	282	1.569867340988744	1	5627	2	297	1.2104630758672144
1	7017	1	175	1.045724694197484	1	7017	2	321	1.0193931550727464
1	7317	1	366	1.0264003438718472	1	7317	2	378	1.2172513189920555
1	7569	1	430	1.088704149968339	1	7569	2	360	1.0477326465084835
1	7999	1	166	1.7951226035711956	1	7999	2	375	1.0089883455627628
1	8319	1	306	1.1643847104302916	1	8319	2	276	1.1420996385609428
1	8443	1	327	1.2596007557849089	1	8443	2	332	1.0059294017910598
1	8583	1	319	1.0257140794643784	1	8583	2	310	1.2368780561164441
1	8591	1	398	1.1478168692042447	1	8591	2	355	1.0045650611636323
1	8611	1	300	1.521686442612153	1	8611	2	243	1.2380215752506605
1	9081	1	367	1.0878932141280895	1	9081	2	435	1.0330530776324107
1	9357	1	351	1.192553026233363	1	9357	2	427	1.0438583026358363
1	9449	1	406	1.0189453537749864	1	9449	2	175	1.0544779796296408
1	9713	1	242	1.1057844033483757	1	9713	2	393	1.2084746087389879
1	9809	1	479	1.0189602512117633	1	9809	2	317	1.0630883623938958
1	9993	1	417	1.0117997839112289	1	9993	2	204	1.5566768010985141
1	10127	1	239	1.0594914218747908	1	10127	2	359	1.1866238050262894
1	11159	1	407	1.0792132158732195	1	11159	2	250	1.3347579056393211
1	11277	1	211	1.2630805974694963	1	11277	2	330	1.0833333333333333
1	11937	1	344	1.0873822303711733	1	11937	2	200	1.065625794232353
1	12373	1	387	1.1036251537714401	1	12373	2	306	1.0761744390394028
1	12471	1	365	1.0614835642758429	1	12471	2	327	1.0555624464803761
1	12625	1	279	1.3016560542373208	1	12625	2	443	1.061094357781956
1	12751	1	280	1.1112993215028923	1	12751	2	369	1.3428624095721893
1	12779	1	331	1.0416902073200349	1	12779	2	359	1.0289780561752579
1	13077	1	367	1.3479680893078065	1	13077	2	358	1.5160608628037149
1	13191	1	260	1.0645922953995408	1	13191	2	405	1.0197999172180061
1	13561	1	335	1.2619027123688162	1	13561	2	240	1.0513604502245155
1	13935	1	311	1.0424368368311232	1	13935	2	275	1.0367527180321774
1	14687	1	358	1.4369356919381713	1	14687	2	187	1.5493631531474956
1	14719	1	209	1.0411509639707628	1	14719	2	489	1.3766168828008041
1	15345	1	148	1.5347458981860893	1	15345	2	246	1.511865438899419
1	15427	1	482	1.0139992412144694	1	15427	2	333	1.2734323257034135
1	15647	1	201	1.2900578416314965	1	15647	2	249	1.3661875975072024
1	16079	1	280	1.2466980197228807	1	16079	2	361	1.0745241857613403
1	16223	1	245	1.0629995620225803	1	16223	2	412	1.0688498435516804
1	16289	1	171	1.0872633138426611	1	16289	2	316	1.3716976483144101
1	16451	1	300	1.2516507618459831	1	16451	2	467	1.2976242215778828
1	17051	1	349	1.1370807252123094	1	17051	2	319	1.0403757769453996
2	71	1	221	1.5675125112947783	2	71	2	309	1.4917057895885681
2	833	1	363	1.0432384797407255	2	833	2	158	1.2188475083117929
2	969	1	282	1.1374340344037195	2	969	2	386	1.1371001187232186
2	1401	1	249	1.3206237689155225	2	1401	2	296	1.2897104188347621
2	1681	1	337	1.0544981936317006	2	1681	2	252	1.0348618752998013
2	1991	1	356	1.1336790046919885	2	1991	2	273	1.3336398063160597
2	2031	1	407	1.0222419672334109	2	2031	2	418	1.0071427009646534
2	2481	1	319	1.1186505478892395	2	2481	2	378	1.0606530234643801
2	2725	1	349	1.1172663452988956	2	2725	2	265	1.5501872707335616
2	3073	1	385	1.1020845844189129	2	3073	2	231	1.0920329937411124
2	3769	1	334	1.19542966145639	2	3769	2	335	1.049464958250903
2	4085	1	327	1.1030655648083529	2	4085	2	281	1.0214799189529224
2	4995	1	282	1.2615357250965524	2	4995	2	248	1.2548229018823531
2	5099	1	418	1.069793581761654	2	5099	2	428	1.0368497969247736
2	5211	1	157	1.0695517428654671	2	5211	2	270	1.1951256551109359
2	5769	1	341	1.2732460506458583	2	5769	2	267	1.1815791848719039
2	6103	1	194	1.5186719440783862	2	6103	2	158	1.2784026796406092
2	6243	1	168	1.0764048897940248	2	6243	2	386	1.0853950991371737
2	6489	1	268	1.6956372368432266	2	6489	2	389	1.4105780519299767
2	6585	1	183	1.119764224353625	2	6585	2	353	1.0962950150606174
2	6767	1	341	1.093163984134538	2	6767	2	235	1.1399543855818017
2	7411	1	460	1.0628293255143475	2	7411	2	297	1.0022610073536646
2	8489	1	126	1.3496322857083534	2	8489	2	398	1.0047432079473417
2	8633	1	218	1.4678779624896185	2	8633	2	230	1.3131220583070724
2	8807	1	417	1.0264262877813539	2	8807	2	356	1.1087511342803482
2	8883	1	249	1.1123428681590277	2	8883	2	189	1.0114115638238454
2	9253	1	413	1.1616027712386587	2	9253	2	465	1.0242445824028785
2	9467	1	108	1.093648135239506	2	9467	2	107	1.0309220361224432
2	9561	1	190	1.0330145756829412	2	9561	2	271	1.2058349535542998
2	9575	1	452	1.0506101177636455	2	9575	2	155	1.1589866637348452
2	9903	1	322	1.0786144690030914	2	9903	2	387	1.2623270172912304
2	10535	1	324	1.0581979656529374	2	10535	2	310	1.0048732281476784
2	10955	1	356	1.1582813310955151	2	10955	2	339	1.070253213625449
2	12089	1	212	1.0827501145734215	2	12089	2	173	1.0760505433006187
2	12633	1	402	1.0090151930359614	2	12633	2	367	1.1270535638607155
2	12765	1	308	1.1188476882701337	2	12765	2	347	1.1571744590236304
2	13077	1	277	1.2323360849352152	2	13077	2	223	1.1419550542064778
2	13687	1	361	1.0114341201695083	2	13687	2	468	1.0103823644252405
2	14025	1	371	1.0170655226075049	2	14025	2	141	1.2543170259746204
2	14117	1	298	1.0268438098563957	2	14117	2	220	1.41687670619252
2	14347	1	366	1.0327892946261927	2	14347	2	369	1.0206442623567238
2	14697	1	397	1.0100250515539939	2	14697	2	328	1.1635039396405122
2	14987	1	146	1.0342900441438199	2	14987	2	436	1.0459662827967431
2	15321	1	527	1.2102662554654002	2	15321	2	298	1.1337560902782362
2	15347	1	243	1.22262397963835	2	15347	2	310	1.2065705622460738
2	15533	1	223	1.0965111329680139	2	15533	2	330	1.4967488488790472
2	15839	1	353	1.5063684437542906	2	15839	2	255	1.2386633169527228
2	16107	1	376	1.0133246306103783	2	16107	2	364	1.0710701358743229
2	16749	1	200	1.0944709528656604	2	16749	2	438	1.0366560229157908
2	17329	1	321	1.3106875811861203	2	17329	2	490	1.0762068701074237
2	17417	1	321	1.1333182478614343	2	17417	2	534	1.0010725216798313
2	17431	1	326	1.0010012144434188	2	17431	2	270	1.6019792285044367
3	1049	1	252	1.1112646341405934	3	1049	2	457	1.0245442912948457
3	1415	1	247	1.1344536043215205	3	1415	2	369	1.0976945171750809
3	1609	1	369	1.0412254226627398	3	1609	2	379	1.0012986928105121
3	2199	1	185	1.2076888241926658	3	2199	2	300	1.0794764677585356
3	2403	1	270	1.3295535416174238	3	2403	2	384	1.0903987183011015
3	2541	1	364	1.0814371803462377	3	2541	2	550	1.0555175770075556
3	2727	1	303	1.0327146129155678	3	2727	2	219	1.3837870475603167
3	3207	1	383	1.0875843747156393	3	3207	2	258	1.2125130264341408
3	3373	1	404	1.0155927824677926	3	3373	2	171	1.2875450252373688
3	3969	1	234	1.0433967297142754	3	3969	2	217	1.4231867946700587
3	4407	1	438	1.0668828686147218	3	4407	2	330	1.0267686704720755
3	6051	1	289	1.2671680748731362	3	6051	2	439	1.1045769245192738
3	6521	1	381	1.001568291887839	3	6521	2	437	1.0382938490551836
3	6691	1	377	1.1090737292917523	3	6691	2	380	1.0595224015084559
3	6757	1	282	1.0914326779414047	3	6757	2	345	1.2272715580264446
3	6915	1	420	1.0484962056549678	3	6915	2	292	1.2527585749210495
3	7207	1	329	1.5986811405220338	3	7207	2	414	1.0191490795368463
3	7889	1	318	1.2899280097233508	3	7889	2	291	1.0054429247546983
3	8559	1	356	1.0072261715531088	3	8559	2	393	1.0141718206406016
3	8777	1	357	1.0004860240595927	3	8777	2	386	1.1100028571582983
3	8829	1	364	1.0800264933702677	3	8829	2	350	1.1141865035198775
3	9555	1	377	1.1308469328910158	3	9555	2	444	1.0188769911824482
3	9623	1	331	1.1562921990234512	3	9623	2	284	1.0327911572797828
3	9813	1	343	1.0539950008071899	3	9813	2	384	1.0833781958526039
3	9881	1	351	1.180561374582981	3	9881	2	287	1.0937894938176753
3	10035	1	378	1.0223156389775365	3	10035	2	364	1.1575867655220451
3	10433	1	415	1.0484355532895007	3	10433	2	436	1.0009157844121255
3	10509	1	420	1.055490584585983	3	10509	2	368	1.1828663681048825
3	10547	1	182	1.5353710455372467	3	10547	2	320	1.3034593770640686
3	10743	1	233	1.280674877307618	3	10743	2	110	1.1097210082959788
3	11477	1	264	1.0963902661821665	3	11477	2	278	1.0346485194439232
3	11959	1	358	1.0684835251792983	3	11959	2	268	1.0108681158611454
3	12043	1	169	1.0346220541596296	3	12043	2	377	1.0168701201641654
3	12157	1	326	1.0032566440153285	3	12157	2	396	1.0296477829908592
3	12433	1	199	1.3121857793034017	3	12433	2	478	1.0175374647336459
3	12867	1	278	1.6418551742763849	3	12867	2	350	1.2032662464575101
3	13499	1	281	1.1431965457521192	3	13499	2	446	1.0348893895404097
3	14589	1	266	1.1164189869066468	3	14589	2	334	1.146457710259398
3	15207	1	300	1.4856981773139772	3	15207	2	564	1.0004808712533066
3	15395	1	258	1.0524064763497292	3	15395	2	307	1.1400791064757232
3	15973	1	477	1.2051945767393357	3	15973	2	286	1.2872294241999069
3	16233	1	260	1.1232964309543905	3	16233	2	210	1.1816210344630007
3	16267	1	456	1.0042263465188399	3	16267	2	364	1.4832425808738585
3	16605	1	394	1.1144480459690875	3	16605	2	296	1.2896776010955102
3	16949	1	155	1.1240303949734374	3	16949	2	229	1.0311935286673723
3	17319	1	364	1.2735551322965935	3	17319	2	359	1.1586814632240459
4	947	1	247	1.696745950946569	4	947	2	203	1.2074125099323119
4	1895	1	354	1.2423607096106675	4	1895	2	383	1.0914408082859748
4	3429	1	358	1.0680489435028089	4	3429	2	346	1.251948930065546
4	4559	1	215	1.2432329900432981	4	4559	2	360	1.0355074077783248
4	4773	1	328	1.0517847139143801	4	4773	2	330	1.0077826931114899
4	4885	1	151	1.3205570350636184	4	4885	2	377	1.0495990831545909
4	4915	1	289	1.0873327353395685	4	4915	2	368	1.0696585546053721
4	5043	1	476	1.0155964276489484	4	5043	2	244	1.357679009831942
4	5095	1	334	1.2258861291353158	4	5095	2	390	1.0628596901834573
4	5193	1	263	1.2517554550771861	4	5193	2	323	1.0979616195802828
4	5975	1	434	1.0233614450980864	4	5975	2	359	1.2004383411713786
4	6251	1	285	1.1215380255852641	4	6251	2	335	1.1619509229216751
4	6389	1	280	1.2081510829013258	4	6389	2	259	1.4835619495319079
4	6487	1	452	1.0728398659626697	4	6487	2	350	1.1733213512065988
4	6619	1	430	1.0007262551157654	4	6619	2	226	1.5502704567426289
4	7191	1	260	1.0041549529954263	4	7191	2	195	1.5392384078426427
4	7427	1	239	1.4213239879018524	4	7427	2	373	1.0436782453960063
4	8453	1	314	1.0284220598282128	4	8453	2	376	1.0119168261311768
4	8781	1	518	1.1016123019643702	4	8781	2	521	1.123770469908755
4	9571	1	314	1.216857824298178	4	9571	2	309	1.0892167389400791
4	9587	1	248	1.4981887260612339	4	9587	2	248	1.0064987840475923
4	10333	1	321	1.1486107061789543	4	10333	2	317	1.0469226317412668
4	10969	1	186	1.1083791132465273	4	10969	2	307	1.1094764105733856
4	10993	1	446	1.0092376322965588	4	10993	2	206	1.2395318418071919
4	11571	1	342	1.1442989087106208	4	11571	2	304	1.0342574679092877
4	11979	1	225	1.469239046066227	4	11979	2	438	1.1396428090227999
4	13409	1	312	1.3441848134994043	4	13409	2	336	1.1090223821603662
4	13443	1	417	1.0236173413314498	4	13443	2	334	1.3076430852966527
4	13567	1	271	1.0106233469442767	4	13567	2	370	1.4557686063410562
4	13683	1	318	1.0173766002894158	4	13683	2	363	1.0796004653508862
4	14143	1	367	1.0441799438931547	4	14143	2	290	1.1933060754121454
4	14401	1	342	1.1862516402337842	4	14401	2	344	1.2075852798769908
4	14693	1	447	1.0522556720886806	4	14693	2	498	1.3517382644369342
4	14877	1	414	1.1717150386688857	4	14877	2	282	1.5858651353822657
4	15063	1	378	1.1135552503899753	4	15063	2	444	1.0632777688204158
4	15275	1	335	1.1553601421174327	4	15275	2	292	1.3007944534190103
4	15509	1	296	1.0258279658808054	4	15509	2	317	1.4500796456908058
4	15969	1	423	1.0472875497665224	4	15969	2	342	1.2530061432293667
4	16627	1	485	1.0161926319320074	4	16627	2	161	1.3554267093787309
4	16641	1	521	1.1061267306469025	4	16641	2	221	1.0331913112988975
4	16751	1	549	1.0832000054242013	4	16751	2	223	1.3397894463267406
5	75	1	333	1.2656318762849212	5	75	2	226	1.0358078507992579
5	125	1	441	1.0976282547431944	5	125	2	331	1.0096376606682564
5	431	1	159	1.1061794752181042	5	431	2	304	1.1224225373103636
5	671	1	403	1.0064331776901834	5	671	2	281	1.3382691492061833
5	745	1	466	1.0125335480823592	5	745	2	351	1.1147212881684183
5	1701	1	374	1.0864458170248781	5	1701	2	385	1.3306308700750535
5	2521	1	360	1.1015383346370189	5	2521	2	265	1.1746198595316171
5	2855	1	406	1.4037637084639343	5	2855	2	183	1.0676815825417549
5	3137	1	271	1.5769065907225621	5	3137	2	380	1.0834203388600319
5	3279	1	299	1.0554317058560019	5	3279	2	276	1.4498168523444659
5	3467	1	294	1.1477294638716873	5	3467	2	349	1.1696524024610249
5	4463	1	338	1.0699320081481432	5	4463	2	273	1.2392452628285924
5	4719	1	340	1.0587404651514079	5	4719	2	423	1.0271162539584588
5	4739	1	281	1.0255122132965981	5	4739	2	383	1.034782869226579
5	4839	1	310	1.0367388469127046	5	4839	2	232	1.2954193820330193
5	4979	1	359	1.1061793043525641	5	4979	2	323	1.1731428004021665
5	5401	1	219	1.2788452285571188	5	5401	2	203	1.0915675205208271
5	5635	1	370	1.0227054644459215	5	5635	2	351	1.3803832867969914
5	5797	1	403	1.0234882286709048	5	5797	2	457	1.0048021548210133
5	5901	1	360	1.126745045761528	5	5901	2	376	1.0095038425625151
5	6129	1	419	1.0175247695563228	5	6129	2	359	1.0493483940274619
5	6213	1	351	1.2079111325977101	5	6213	2	361	1.1183876767773131
5	6479	1	301	1.2794163284797029	5	6479	2	395	1.1802110149647147
5	7333	1	227	1.461134600265013	5	7333	2	243	1.1825548801814196
5	7923	1	358	1.1046770912449826	5	7923	2	342	1.1619094752091808
5	8737	1	217	1.0754512134088536	5	8737	2	403	1.0455035937641737
5	8945	1	344	1.1423133323168171	5	8945	2	298	1.0008366993492595
5	8993	1	399	1.1873722892104934	5	8993	2	371	1.1339230527364292
5	10667	1	288	1.3453640177579367	5	10667	2	289	1.0971186520399039
5	10771	1	394	1.0500630664419031	5	10771	2	323	1.2386928809406099
5	10949	1	383	1.1125677373995029	5	10949	2	378	1.1262850151248711
5	11107	1	446	1.2667675295247791	5	11107	2	258	1.5566234412562072
5	11795	1	395	1.0117263644915957	5	11795	2	430	1.1330353721300703
5	12017	1	347	1.1707629497465406	5	12017	2	308	1.1593227968413717
5	12027	1	456	1.0268566685291978	5	12027	2	390	1.1152293830479449
5	13583	1	430	1.0431919786101329	5	13583	2	256	1.542539744552921
5	13651	1	272	1.170956363314458	5	13651	2	330	1.1919906672628569
5	13783	1	419	1.0597330602879287	5	13783	2	339	1.0696663059285971
5	13859	1	318	1.1422239044797105	5	13859	2	380	1.0571446564029936
5	14537	1	206	1.2283439997338772	5	14537	2	357	1.0409806173991925
5	15243	1	361	1.035666305625571	5	15243	2	464	1.000331852326533
5	15309	1	276	1.3003276075122387	5	15309	2	409	1.0102406245856923
5	15883	1	385	1.0133543567487131	5	15883	2	173	1.3581836858381187
5	15935	1	293	1.0205044494490685	5	15935	2	271	1.4013863518326251
5	15949	1	241	1.1510491113787134	5	15949	2	235	1.4072887931753781
5	16037	1	327	1.1316262291154457	5	16037	2	412	1.184934287245242
5	16291	1	380	1.0563476074544307	5	16291	2	411	1.0366001037060075
5	16459	1	370	1.2756499081227179	5	16459	2	265	1.3024950725535753
5	16901	1	305	1.1052062181942728	5	16901	2	186	1.0258772696338152
5	17199	1	376	1.1053649247512691	5	17199	2	374	1.0873031171988548
5	17387	1	298	1.3864232477125509	5	17387	2	327	1.3698747089865115
5	17717	1	283	1.15877850745761	5	17717	2	235	1.1428384286768889
5	17927	1	217	1.3581185417221784	5	17927	2	250	1.0741340698441699
5	17943	1	209	1.376629528013239	5	17943	2	428	1.1090799349168265
