1	1569	1	212	1.6302135196395351	1	1569	2	239	1.2654736608038841
1	5627	1	282	1.569867340988744	1	5627	2	297	1.2104630758672144
1	7999	1	166	1.7951226035711956	1	7999	2	375	1.0089883455627628
1	8611	1	300	1.521686442612153	1	8611	2	243	1.2380215752506605
1	15345	1	148	1.5347458981860893	1	15345	2	246	1.511865438899419
2	71	1	221	1.5675125112947783	2	71	2	309	1.4917057895885681
2	6103	1	194	1.5186719440783862	2	6103	2	158	1.2784026796406092
2	6489	1	268	1.6956372368432266	2	6489	2	389	1.4105780519299767
2	15839	1	353	1.5063684437542906	2	15839	2	255	1.2386633169527228
3	7207	1	329	1.5986811405220338	3	7207	2	414	1.0191490795368463
3	10547	1	182	1.5353710455372467	3	10547	2	320	1.3034593770640686
3	12867	1	278	1.6418551742763849	3	12867	2	350	1.2032662464575101
4	947	1	247	1.696745950946569	4	947	2	203	1.2074125099323119
5	3137	1	271	1.5769065907225621	5	3137	2	380	1.0834203388600319
