catalog	17543	.57142857142857142857	1	1
catalog	14513	.63541666666666666666	2	2
catalog	12577	.65591397849462365591	3	3
catalog	3411	.71641791044776119402	4	4
catalog	361	.74647887323943661971	5	5
catalog	8189	.74698795180722891566	6	6
catalog	8929	.76250000000000000000	7	7
catalog	14869	.77173913043478260869	8	8
catalog	9295	.77894736842105263157	9	9
catalog	16215	.79069767441860465116	10	10
store	9471	.77500000000000000000	1	1
store	9797	.80000000000000000000	2	2
store	12641	.81609195402298850574	3	3
store	15839	.81632653061224489795	4	4
store	1171	.82417582417582417582	5	5
store	11589	.82653061224489795918	6	6
store	6661	.92207792207792207792	7	7
store	13013	.94202898550724637681	8	8
store	14925	.96470588235294117647	9	9
store	4063	1.00000000000000000000	10	10
store	9029	1.00000000000000000000	10	10
web	7539	.59000000000000000000	1	1
web	3337	.62650602409638554216	2	2
web	15597	.66197183098591549295	3	3
web	2915	.69863013698630136986	4	4
web	11933	.71717171717171717171	5	5
web	3305	.73750000000000000000	6	16
web	483	.80000000000000000000	7	6
web	85	.85714285714285714285	8	7
web	97	.90361445783132530120	9	8
web	117	.92500000000000000000	10	9
web	5299	.92708333333333333333	11	10
