able	AAAAAAAACAAAAAAA	5271	1.362651	3.086395	.322088	.480423	1.141632	.759840	1.845486
able	AAAAAAAACAAAAAAA	5271	1.362651	3.086395	.322088	.480423	1.141632	.759840	1.845486
able	AAAAAAAACAAAAAAA	5271	1.362651	3.086395	.322088	.480423	1.141632	.759840	1.845486
able	AAAAAAAACAAAAAAA	5271	1.362651	3.086395	.322088	.480423	1.141632	.759840	1.845486
able	AAAAAAAACAAAAAAA	5271	1.362651	3.086395	.322088	.480423	1.141632	.759840	1.845486
able	AAAAAAAACAAAAAAA	5271	1.362651	3.086395	.322088	.480423	1.141632	.759840	1.845486
able	AAAAAAAACAAAAAAA	5271	1.362651	3.086395	.322088	.480423	1.141632	.759840	1.845486
able	AAAAAAAACAAAAAAA	5271	1.362651	3.086395	.322088	.480423	1.141632	.759840	1.845486
able	AAAAAAAACAAAAAAA	5271	1.362651	3.086395	.322088	.480423	1.141632	.759840	1.845486
able	AAAAAAAACAAAAAAA	5271	1.362651	3.086395	.322088	.480423	1.141632	.759840	1.845486
able	AAAAAAAACAAAAAAA	5271	1.362651	3.086395	.322088	.480423	1.141632	.759840	1.845486
able	AAAAAAAACAAAAAAA	5271	1.362651	3.086395	.322088	.480423	1.141632	.759840	1.845486
able	AAAAAAAACAAAAAAA	5271	1.362651	3.086395	.322088	.480423	1.141632	.759840	1.845486
able	AAAAAAAACAAAAAAA	5271	1.362651	3.086395	.322088	.480423	1.141632	.759840	1.845486
able	AAAAAAAACAAAAAAA	5271	1.362651	3.086395	.322088	.480423	1.141632	.759840	1.845486
able	AAAAAAAACAAAAAAA	5271	1.362651	3.086395	.322088	.480423	1.141632	.759840	1.845486
able	AAAAAAAACAAAAAAA	5271	1.362651	3.086395	.322088	.480423	1.141632	.759840	1.845486
able	AAAAAAAACAAAAAAA	5271	1.362651	3.086395	.322088	.480423	1.141632	.759840	1.845486
able	AAAAAAAACAAAAAAA	5271	1.362651	3.086395	.322088	.480423	1.141632	.759840	1.845486
able	AAAAAAAACAAAAAAA	5271	1.362651	3.086395	.322088	.480423	1.141632	.759840	1.845486
able	AAAAAAAACAAAAAAA	5271	1.362651	3.086395	.322088	.480423	1.141632	.759840	1.845486
able	AAAAAAAACAAAAAAA	5271	1.362651	3.086395	.322088	.480423	1.141632	.759840	1.845486
able	AAAAAAAACAAAAAAA	5271	1.362651	3.086395	.322088	.480423	1.141632	.759840	1.845486
able	AAAAAAAACAAAAAAA	5271	1.362651	3.086395	.322088	.480423	1.141632	.759840	1.845486
able	AAAAAAAACAAAAAAA	5271	1.362651	3.086395	.322088	.480423	1.141632	.759840	1.845486
able	AAAAAAAACAAAAAAA	5271	1.362651	3.086395	.322088	.480423	1.141632	.759840	1.845486
able	AAAAAAAACAAAAAAA	5271	1.362651	3.086395	.322088	.480423	1.141632	.759840	1.845486
able	AAAAAAAACAAAAAAA	5271	1.362651	3.086395	.322088	.480423	1.141632	.759840	1.845486
able	AAAAAAAACAAAAAAA	5271	1.362651	3.086395	.322088	.480423	1.141632	.759840	1.845486
able	AAAAAAAACAAAAAAA	5271	1.362651	3.086395	.322088	.480423	1.141632	.759840	1.845486
able	AAAAAAAACAAAAAAA	5271	1.362651	3.086395	.322088	.480423	1.141632	.759840	1.845486
able	AAAAAAAACAAAAAAA	5271	1.362651	3.086395	.322088	.480423	1.141632	.759840	1.845486
able	AAAAAAAACAAAAAAA	5271	1.362651	3.086395	.322088	.480423	1.141632	.759840	1.845486
able	AAAAAAAACAAAAAAA	5271	1.362651	3.086395	.322088	.480423	1.141632	.759840	1.845486
able	AAAAAAAACAAAAAAA	5271	1.362651	3.086395	.322088	.480423	1.141632	.759840	1.845486
able	AAAAAAAACAAAAAAA	5271	1.362651	3.086395	.322088	.480423	1.141632	.759840	1.845486
able	AAAAAAAACAAAAAAA	5271	1.362651	3.086395	.322088	.480423	1.141632	.759840	1.845486
able	AAAAAAAACAAAAAAA	5271	1.362651	3.086395	.322088	.480423	1.141632	.759840	1.845486
able	AAAAAAAACAAAAAAA	5271	1.362651	3.086395	.322088	.480423	1.141632	.759840	1.845486
able	AAAAAAAACAAAAAAA	5271	1.362651	3.086395	.322088	.480423	1.141632	.759840	1.845486
able	AAAAAAAACAAAAAAA	5271	1.362651	3.086395	.322088	.480423	1.141632	.759840	1.845486
able	AAAAAAAACAAAAAAA	5271	1.362651	3.086395	.322088	.480423	1.141632	.759840	1.845486
able	AAAAAAAACAAAAAAA	5271	1.362651	3.086395	.322088	.480423	1.141632	.759840	1.845486
able	AAAAAAAACAAAAAAA	5271	1.362651	3.086395	.322088	.480423	1.141632	.759840	1.845486
able	AAAAAAAACAAAAAAA	5271	1.362651	3.086395	.322088	.480423	1.141632	.759840	1.845486
able	AAAAAAAACAAAAAAA	5271	1.362651	3.086395	.322088	.480423	1.141632	.759840	1.845486
able	AAAAAAAACAAAAAAA	5271	1.362651	3.086395	.322088	.480423	1.141632	.759840	1.845486
able	AAAAAAAACAAAAAAA	5271	1.362651	3.086395	.322088	.480423	1.141632	.759840	1.845486
able	AAAAAAAACAAAAAAA	5271	1.362651	3.086395	.322088	.480423	1.141632	.759840	1.845486
able	AAAAAAAACAAAAAAA	5272	1.096895	.758347	.680007	.987386	1.003437	1.333547	.992338
able	AAAAAAAACAAAAAAA	5272	1.096895	.758347	.680007	.987386	1.003437	1.333547	.992338
able	AAAAAAAACAAAAAAA	5272	1.096895	.758347	.680007	.987386	1.003437	1.333547	.992338
able	AAAAAAAACAAAAAAA	5272	1.096895	.758347	.680007	.987386	1.003437	1.333547	.992338
able	AAAAAAAACAAAAAAA	5272	1.096895	.758347	.680007	.987386	1.003437	1.333547	.992338
able	AAAAAAAACAAAAAAA	5272	1.096895	.758347	.680007	.987386	1.003437	1.333547	.992338
able	AAAAAAAACAAAAAAA	5272	1.096895	.758347	.680007	.987386	1.003437	1.333547	.992338
able	AAAAAAAACAAAAAAA	5272	1.096895	.758347	.680007	.987386	1.003437	1.333547	.992338
able	AAAAAAAACAAAAAAA	5272	1.096895	.758347	.680007	.987386	1.003437	1.333547	.992338
able	AAAAAAAACAAAAAAA	5272	1.096895	.758347	.680007	.987386	1.003437	1.333547	.992338
able	AAAAAAAACAAAAAAA	5272	1.096895	.758347	.680007	.987386	1.003437	1.333547	.992338
able	AAAAAAAACAAAAAAA	5272	1.096895	.758347	.680007	.987386	1.003437	1.333547	.992338
able	AAAAAAAACAAAAAAA	5272	1.096895	.758347	.680007	.987386	1.003437	1.333547	.992338
able	AAAAAAAACAAAAAAA	5272	1.096895	.758347	.680007	.987386	1.003437	1.333547	.992338
able	AAAAAAAACAAAAAAA	5272	1.096895	.758347	.680007	.987386	1.003437	1.333547	.992338
able	AAAAAAAACAAAAAAA	5272	1.096895	.758347	.680007	.987386	1.003437	1.333547	.992338
able	AAAAAAAACAAAAAAA	5272	1.096895	.758347	.680007	.987386	1.003437	1.333547	.992338
able	AAAAAAAACAAAAAAA	5272	1.096895	.758347	.680007	.987386	1.003437	1.333547	.992338
able	AAAAAAAACAAAAAAA	5272	1.096895	.758347	.680007	.987386	1.003437	1.333547	.992338
able	AAAAAAAACAAAAAAA	5272	1.096895	.758347	.680007	.987386	1.003437	1.333547	.992338
able	AAAAAAAACAAAAAAA	5272	1.096895	.758347	.680007	.987386	1.003437	1.333547	.992338
able	AAAAAAAACAAAAAAA	5272	1.096895	.758347	.680007	.987386	1.003437	1.333547	.992338
able	AAAAAAAACAAAAAAA	5272	1.096895	.758347	.680007	.987386	1.003437	1.333547	.992338
able	AAAAAAAACAAAAAAA	5272	1.096895	.758347	.680007	.987386	1.003437	1.333547	.992338
able	AAAAAAAACAAAAAAA	5272	1.096895	.758347	.680007	.987386	1.003437	1.333547	.992338
able	AAAAAAAACAAAAAAA	5272	1.096895	.758347	.680007	.987386	1.003437	1.333547	.992338
able	AAAAAAAACAAAAAAA	5272	1.096895	.758347	.680007	.987386	1.003437	1.333547	.992338
able	AAAAAAAACAAAAAAA	5272	1.096895	.758347	.680007	.987386	1.003437	1.333547	.992338
able	AAAAAAAACAAAAAAA	5272	1.096895	.758347	.680007	.987386	1.003437	1.333547	.992338
able	AAAAAAAACAAAAAAA	5272	1.096895	.758347	.680007	.987386	1.003437	1.333547	.992338
able	AAAAAAAACAAAAAAA	5272	1.096895	.758347	.680007	.987386	1.003437	1.333547	.992338
able	AAAAAAAACAAAAAAA	5272	1.096895	.758347	.680007	.987386	1.003437	1.333547	.992338
able	AAAAAAAACAAAAAAA	5272	1.096895	.758347	.680007	.987386	1.003437	1.333547	.992338
able	AAAAAAAACAAAAAAA	5272	1.096895	.758347	.680007	.987386	1.003437	1.333547	.992338
able	AAAAAAAACAAAAAAA	5272	1.096895	.758347	.680007	.987386	1.003437	1.333547	.992338
able	AAAAAAAACAAAAAAA	5272	1.096895	.758347	.680007	.987386	1.003437	1.333547	.992338
able	AAAAAAAACAAAAAAA	5272	1.096895	.758347	.680007	.987386	1.003437	1.333547	.992338
able	AAAAAAAACAAAAAAA	5272	1.096895	.758347	.680007	.987386	1.003437	1.333547	.992338
able	AAAAAAAACAAAAAAA	5272	1.096895	.758347	.680007	.987386	1.003437	1.333547	.992338
able	AAAAAAAACAAAAAAA	5272	1.096895	.758347	.680007	.987386	1.003437	1.333547	.992338
able	AAAAAAAACAAAAAAA	5272	1.096895	.758347	.680007	.987386	1.003437	1.333547	.992338
able	AAAAAAAACAAAAAAA	5272	1.096895	.758347	.680007	.987386	1.003437	1.333547	.992338
able	AAAAAAAACAAAAAAA	5272	1.096895	.758347	.680007	.987386	1.003437	1.333547	.992338
able	AAAAAAAACAAAAAAA	5272	1.096895	.758347	.680007	.987386	1.003437	1.333547	.992338
able	AAAAAAAACAAAAAAA	5272	1.096895	.758347	.680007	.987386	1.003437	1.333547	.992338
able	AAAAAAAACAAAAAAA	5272	1.096895	.758347	.680007	.987386	1.003437	1.333547	.992338
able	AAAAAAAACAAAAAAA	5272	1.096895	.758347	.680007	.987386	1.003437	1.333547	.992338
able	AAAAAAAACAAAAAAA	5272	1.096895	.758347	.680007	.987386	1.003437	1.333547	.992338
able	AAAAAAAACAAAAAAA	5272	1.096895	.758347	.680007	.987386	1.003437	1.333547	.992338
able	AAAAAAAACAAAAAAA	5273	1.197285	1.027150	.474951	.632462	.708915	1.492328	.574005
able	AAAAAAAACAAAAAAA	5273	1.197285	1.027150	.474951	.632462	.708915	1.492328	.574005
