AAAAAAAAANECAAAA	34	18.579234972677566667	9	4.918032786885233333	18	9.836065573770466667	20.333333
AAAAAAAACAOBAAAA	27	11.688311688311666667	38	16.450216450216433333	12	5.194805194805166667	25.666666
AAAAAAAACBNDAAAA	38	11.620795107033633333	52	15.902140672782866667	19	5.810397553516800000	36.333333
AAAAAAAACCGAAAAA	30	15.151515151515133333	18	9.090909090909066667	18	9.090909090909066667	22.000000
AAAAAAAACKBDAAAA	32	12.698412698412666667	22	8.730158730158700000	30	11.904761904761900000	28.000000
AAAAAAAACOIBAAAA	31	8.072916666666666667	29	7.552083333333333333	68	17.708333333333333333	42.666666
AAAAAAAAEBLDAAAA	9	3.703703703703700000	34	13.991769547325100000	38	15.637860082304500000	27.000000
AAAAAAAAELFDAAAA	54	20.224719101123566667	4	1.498127340823966667	31	11.610486891385766667	29.666666
AAAAAAAAFEBAAAAA	19	15.447154471544700000	17	13.821138211382100000	5	4.065040650406500000	13.666666
AAAAAAAAFODDAAAA	30	11.494252873563200000	7	2.681992337164733333	50	19.157088122605333333	29.000000
AAAAAAAAGLMCAAAA	37	26.811594202898533333	3	2.173913043478233333	6	4.347826086956500000	15.333333
AAAAAAAAHAGDAAAA	16	8.333333333333333333	15	7.812500000000000000	33	17.187500000000000000	21.333333
AAAAAAAAHCDEAAAA	41	19.248826291079800000	1	.469483568075100000	29	13.615023474178400000	23.666666
AAAAAAAALAEBAAAA	19	6.959706959706933333	21	7.692307692307666667	51	18.681318681318666667	30.333333
AAAAAAAAMBDEAAAA	26	6.372549019607833333	66	16.176470588235266667	44	10.784313725490166667	45.333333
AAAAAAAAMBGBAAAA	5	5.050505050505033333	1	1.010101010101000000	27	27.272727272727266667	11.000000
AAAAAAAAMDODAAAA	17	10.897435897435866667	32	20.512820512820500000	3	1.923076923076900000	17.333333
AAAAAAAAMOIAAAAA	84	25.454545454545433333	12	3.636363636363633333	14	4.242424242424233333	36.666666
AAAAAAAANMAAAAAA	12	25.000000000000000000	1	2.083333333333333333	3	6.250000000000000000	5.333333
AAAAAAAAODOAAAAA	5	4.385964912280700000	3	2.631578947368400000	30	26.315789473684200000	12.666666
AAAAAAAAPJOCAAAA	29	15.343915343915333333	21	11.111111111111100000	13	6.878306878306866667	21.000000
