5270	3	2	1	1	3	3	3
5270	3	2	1	1	3	3	3
5270	3	2	1	1	3	3	3
5270	3	2	1	1	3	3	3
5270	3	2	1	1	3	3	3
5270	3	2	1	1	3	3	3
5270	3	2	1	1	3	3	3
5271	0	0	0	1	1	1	1
5271	0	0	0	1	1	1	1
5271	0	0	0	1	1	1	1
5271	0	0	0	1	1	1	1
5271	0	0	0	1	1	1	1
5271	0	0	0	1	1	1	1
5271	0	0	0	1	1	1	1
5271	0	0	0	1	1	1	1
5271	0	0	0	1	1	1	1
5271	0	0	0	1	1	1	1
5271	0	0	0	1	1	1	1
5271	0	0	0	1	1	1	1
5271	0	0	0	1	1	1	1
5271	0	0	0	1	1	1	1
5271	0	0	0	1	1	1	1
5271	0	0	0	1	1	1	1
5271	0	0	0	1	1	1	1
5271	0	0	0	1	1	1	1
5271	0	0	0	1	1	1	1
5271	0	0	0	1	1	1	1
5271	0	0	0	1	1	1	1
5271	0	0	0	1	1	1	1
5271	0	0	0	1	1	1	1
5271	0	0	0	1	1	1	1
5271	0	0	0	1	1	1	1
5271	0	0	0	1	1	1	1
5271	0	0	0	1	1	1	1
5271	0	0	0	1	1	1	1
5271	0	0	0	1	1	1	1
5271	0	0	0	1	1	1	1
5271	0	0	0	1	1	1	1
5271	0	0	0	1	1	1	1
5271	0	0	0	1	1	1	1
5271	0	0	0	1	1	1	1
5271	0	0	0	1	1	1	1
5271	0	0	0	1	1	1	1
5271	0	0	0	1	1	1	1
5271	0	0	0	1	1	1	1
5271	0	0	0	1	1	1	1
5271	0	0	0	1	1	1	1
5271	0	0	0	1	1	1	1
5271	0	0	0	1	1	1	1
5271	0	0	0	1	1	1	1
5271	0	0	0	1	1	1	1
5271	0	0	0	1	1	1	1
5271	0	0	0	1	1	1	1
5271	0	0	0	1	1	1	1
5271	0	0	0	1	1	1	1
5271	0	0	0	1	1	1	1
5272	0	0	0	1	0	1	1
5272	0	0	0	1	0	1	1
5272	0	0	0	1	0	1	1
5272	0	0	0	1	0	1	1
5272	0	0	0	1	0	1	1
5272	0	0	0	1	0	1	1
5272	0	0	0	1	0	1	1
5272	0	0	0	1	0	1	1
5272	0	0	0	1	0	1	1
5272	0	0	0	1	0	1	1
5272	0	0	0	1	0	1	1
5272	0	0	0	1	0	1	1
5272	0	0	0	1	0	1	1
5272	0	0	0	1	0	1	1
5272	0	0	0	1	0	1	1
5272	0	0	0	1	0	1	1
5272	0	0	0	1	0	1	1
5272	0	0	0	1	0	1	1
5272	0	0	0	1	0	1	1
5272	0	0	0	1	0	1	1
5272	0	0	0	1	0	1	1
5272	0	0	0	1	0	1	1
5272	0	0	0	1	0	1	1
5272	0	0	0	1	0	1	1
5272	0	0	0	1	0	1	1
5272	0	0	0	1	0	1	1
5272	0	0	0	1	0	1	1
5272	0	0	0	1	0	1	1
5272	0	0	0	1	0	1	1
5272	0	0	0	1	0	1	1
5272	0	0	0	1	0	1	1
5272	0	0	0	1	0	1	1
5272	0	0	0	1	0	1	1
5272	0	0	0	1	0	1	1
5272	0	0	0	1	0	1	1
5272	0	0	0	1	0	1	1
5272	0	0	0	1	0	1	1
5272	0	0	0	1	0	1	1
5272	0	0	0	1	0	1	1
5272	0	0	0	1	0	1	1
5272	0	0	0	1	0	1	1
5272	0	0	0	1	0	1	1
5272	0	0	0	1	0	1	1
5272	0	0	0	1	0	1	1
5272	0	0	0	1	0	1	1
5272	0	0	0	1	0	1	1
5272	0	0	0	1	0	1	1
5272	0	0	0	1	0	1	1
5272	0	0	0	1	0	1	1
5273	1	0	1	0	0	1	0
5273	1	0	1	0	0	1	0
5273	1	0	1	0	0	1	0
5273	1	0	1	0	0	1	0
5273	1	0	1	0	0	1	0
5273	1	0	1	0	0	1	0
5273	1	0	1	0	0	1	0
5273	1	0	1	0	0	1	0
5273	1	0	1	0	0	1	0
5273	1	0	1	0	0	1	0
5273	1	0	1	0	0	1	0
5273	1	0	1	0	0	1	0
5273	1	0	1	0	0	1	0
5273	1	0	1	0	0	1	0
5273	1	0	1	0	0	1	0
5273	1	0	1	0	0	1	0
5273	1	0	1	0	0	1	0
5273	1	0	1	0	0	1	0
5273	1	0	1	0	0	1	0
5273	1	0	1	0	0	1	0
5273	1	0	1	0	0	1	0
5273	1	0	1	0	0	1	0
5273	1	0	1	0	0	1	0
5273	1	0	1	0	0	1	0
5273	1	0	1	0	0	1	0
5273	1	0	1	0	0	1	0
5273	1	0	1	0	0	1	0
5273	1	0	1	0	0	1	0
5273	1	0	1	0	0	1	0
5273	1	0	1	0	0	1	0
5273	1	0	1	0	0	1	0
5273	1	0	1	0	0	1	0
5273	1	0	1	0	0	1	0
5273	1	0	1	0	0	1	0
5273	1	0	1	0	0	1	0
5273	1	0	1	0	0	1	0
5273	1	0	1	0	0	1	0
5273	1	0	1	0	0	1	0
5273	1	0	1	0	0	1	0
5273	1	0	1	0	0	1	0
5273	1	0	1	0	0	1	0
5273	1	0	1	0	0	1	0
5273	1	0	1	0	0	1	0
5273	1	0	1	0	0	1	0
5273	1	0	1	0	0	1	0
5273	1	0	1	0	0	1	0
5273	1	0	1	0	0	1	0
5273	1	0	1	0	0	1	0
5273	1	0	1	0	0	1	0
5274	0	0	1	1	0	0	1
5274	0	0	1	1	0	0	1
5274	0	0	1	1	0	0	1
5274	0	0	1	1	0	0	1
5274	0	0	1	1	0	0	1
5274	0	0	1	1	0	0	1
5274	0	0	1	1	0	0	1
5274	0	0	1	1	0	0	1
5274	0	0	1	1	0	0	1
5274	0	0	1	1	0	0	1
5274	0	0	1	1	0	0	1
5274	0	0	1	1	0	0	1
5274	0	0	1	1	0	0	1
5274	0	0	1	1	0	0	1
5274	0	0	1	1	0	0	1
5274	0	0	1	1	0	0	1
5274	0	0	1	1	0	0	1
5274	0	0	1	1	0	0	1
5274	0	0	1	1	0	0	1
5274	0	0	1	1	0	0	1
5274	0	0	1	1	0	0	1
5274	0	0	1	1	0	0	1
5274	0	0	1	1	0	0	1
5274	0	0	1	1	0	0	1
5274	0	0	1	1	0	0	1
5274	0	0	1	1	0	0	1
5274	0	0	1	1	0	0	1
5274	0	0	1	1	0	0	1
5274	0	0	1	1	0	0	1
5274	0	0	1	1	0	0	1
5274	0	0	1	1	0	0	1
5274	0	0	1	1	0	0	1
5274	0	0	1	1	0	0	1
5274	0	0	1	1	0	0	1
5274	0	0	1	1	0	0	1
5274	0	0	1	1	0	0	1
5274	0	0	1	1	0	0	1
5274	0	0	1	1	0	0	1
5274	0	0	1	1	0	0	1
5274	0	0	1	1	0	0	1
5274	0	0	1	1	0	0	1
5274	0	0	1	1	0	0	1
5274	0	0	1	1	0	0	1
5274	0	0	1	1	0	0	1
5274	0	0	1	1	0	0	1
5274	0	0	1	1	0	0	1
5274	0	0	1	1	0	0	1
5274	0	0	1	1	0	0	1
5274	0	0	1	1	0	0	1
5275	0	0	0	0	1	1	0
5275	0	0	0	0	1	1	0
5275	0	0	0	0	1	1	0
5275	0	0	0	0	1	1	0
5275	0	0	0	0	1	1	0
5275	0	0	0	0	1	1	0
5275	0	0	0	0	1	1	0
5275	0	0	0	0	1	1	0
5275	0	0	0	0	1	1	0
5275	0	0	0	0	1	1	0
5275	0	0	0	0	1	1	0
5275	0	0	0	0	1	1	0
5275	0	0	0	0	1	1	0
5275	0	0	0	0	1	1	0
5275	0	0	0	0	1	1	0
5275	0	0	0	0	1	1	0
5275	0	0	0	0	1	1	0
5275	0	0	0	0	1	1	0
5275	0	0	0	0	1	1	0
5275	0	0	0	0	1	1	0
5275	0	0	0	0	1	1	0
5275	0	0	0	0	1	1	0
5275	0	0	0	0	1	1	0
5275	0	0	0	0	1	1	0
5275	0	0	0	0	1	1	0
5275	0	0	0	0	1	1	0
5275	0	0	0	0	1	1	0
5275	0	0	0	0	1	1	0
5275	0	0	0	0	1	1	0
5275	0	0	0	0	1	1	0
5275	0	0	0	0	1	1	0
5275	0	0	0	0	1	1	0
5275	0	0	0	0	1	1	0
5275	0	0	0	0	1	1	0
5275	0	0	0	0	1	1	0
5275	0	0	0	0	1	1	0
5275	0	0	0	0	1	1	0
5275	0	0	0	0	1	1	0
5275	0	0	0	0	1	1	0
5275	0	0	0	0	1	1	0
5275	0	0	0	0	1	1	0
5275	0	0	0	0	1	1	0
5275	0	0	0	0	1	1	0
5275	0	0	0	0	1	1	0
5275	0	0	0	0	1	1	0
5275	0	0	0	0	1	1	0
5275	0	0	0	0	1	1	0
5275	0	0	0	0	1	1	0
5275	0	0	0	0	1	1	0
5276	1	1	1	1	1	0	0
5276	1	1	1	1	1	0	0
5276	1	1	1	1	1	0	0
5276	1	1	1	1	1	0	0
5276	1	1	1	1	1	0	0
5276	1	1	1	1	1	0	0
5276	1	1	1	1	1	0	0
5276	1	1	1	1	1	0	0
5276	1	1	1	1	1	0	0
5276	1	1	1	1	1	0	0
5276	1	1	1	1	1	0	0
5276	1	1	1	1	1	0	0
5276	1	1	1	1	1	0	0
5276	1	1	1	1	1	0	0
5276	1	1	1	1	1	0	0
5276	1	1	1	1	1	0	0
5276	1	1	1	1	1	0	0
5276	1	1	1	1	1	0	0
5276	1	1	1	1	1	0	0
5276	1	1	1	1	1	0	0
5276	1	1	1	1	1	0	0
5276	1	1	1	1	1	0	0
5276	1	1	1	1	1	0	0
5276	1	1	1	1	1	0	0
5276	1	1	1	1	1	0	0
5276	1	1	1	1	1	0	0
5276	1	1	1	1	1	0	0
5276	1	1	1	1	1	0	0
5276	1	1	1	1	1	0	0
5276	1	1	1	1	1	0	0
5276	1	1	1	1	1	0	0
5276	1	1	1	1	1	0	0
5276	1	1	1	1	1	0	0
5276	1	1	1	1	1	0	0
5276	1	1	1	1	1	0	0
5276	1	1	1	1	1	0	0
5276	1	1	1	1	1	0	0
5276	1	1	1	1	1	0	0
5276	1	1	1	1	1	0	0
5276	1	1	1	1	1	0	0
5276	1	1	1	1	1	0	0
5276	1	1	1	1	1	0	0
5276	1	1	1	1	1	0	0
5276	1	1	1	1	1	0	0
5276	1	1	1	1	1	0	0
5276	1	1	1	1	1	0	0
5276	1	1	1	1	1	0	0
5276	1	1	1	1	1	0	0
5276	1	1	1	1	1	0	0
5277	0	1	0	1	0	1	1
5277	0	1	0	1	0	1	1
5277	0	1	0	1	0	1	1
5277	0	1	0	1	0	1	1
5277	0	1	0	1	0	1	1
5277	0	1	0	1	0	1	1
5277	0	1	0	1	0	1	1
5277	0	1	0	1	0	1	1
5277	0	1	0	1	0	1	1
5277	0	1	0	1	0	1	1
5277	0	1	0	1	0	1	1
5277	0	1	0	1	0	1	1
5277	0	1	0	1	0	1	1
5277	0	1	0	1	0	1	1
5277	0	1	0	1	0	1	1
5277	0	1	0	1	0	1	1
5277	0	1	0	1	0	1	1
5277	0	1	0	1	0	1	1
5277	0	1	0	1	0	1	1
5277	0	1	0	1	0	1	1
5277	0	1	0	1	0	1	1
5277	0	1	0	1	0	1	1
5277	0	1	0	1	0	1	1
5277	0	1	0	1	0	1	1
5277	0	1	0	1	0	1	1
5277	0	1	0	1	0	1	1
5277	0	1	0	1	0	1	1
5277	0	1	0	1	0	1	1
5277	0	1	0	1	0	1	1
5277	0	1	0	1	0	1	1
5277	0	1	0	1	0	1	1
5277	0	1	0	1	0	1	1
5277	0	1	0	1	0	1	1
5277	0	1	0	1	0	1	1
5277	0	1	0	1	0	1	1
5277	0	1	0	1	0	1	1
5277	0	1	0	1	0	1	1
5277	0	1	0	1	0	1	1
5277	0	1	0	1	0	1	1
5277	0	1	0	1	0	1	1
5277	0	1	0	1	0	1	1
5277	0	1	0	1	0	1	1
5277	0	1	0	1	0	1	1
5277	0	1	0	1	0	1	1
5277	0	1	0	1	0	1	1
5277	0	1	0	1	0	1	1
5277	0	1	0	1	0	1	1
5277	0	1	0	1	0	1	1
5277	0	1	0	1	0	1	1
5278	1	1	0	1	1	5	1
5278	1	1	0	1	1	5	1
5278	1	1	0	1	1	5	1
5278	1	1	0	1	1	5	1
5278	1	1	0	1	1	5	1
5278	1	1	0	1	1	5	1
5278	1	1	0	1	1	5	1
5278	1	1	0	1	1	5	1
5278	1	1	0	1	1	5	1
5278	1	1	0	1	1	5	1
5278	1	1	0	1	1	5	1
5278	1	1	0	1	1	5	1
5278	1	1	0	1	1	5	1
5278	1	1	0	1	1	5	1
5278	1	1	0	1	1	5	1
5278	1	1	0	1	1	5	1
5278	1	1	0	1	1	5	1
5278	1	1	0	1	1	5	1
5278	1	1	0	1	1	5	1
5278	1	1	0	1	1	5	1
5278	1	1	0	1	1	5	1
5278	1	1	0	1	1	5	1
5278	1	1	0	1	1	5	1
5278	1	1	0	1	1	5	1
5278	1	1	0	1	1	5	1
5278	1	1	0	1	1	5	1
5278	1	1	0	1	1	5	1
5278	1	1	0	1	1	5	1
5278	1	1	0	1	1	5	1
5278	1	1	0	1	1	5	1
5278	1	1	0	1	1	5	1
5278	1	1	0	1	1	5	1
5278	1	1	0	1	1	5	1
5278	1	1	0	1	1	5	1
5278	1	1	0	1	1	5	1
5278	1	1	0	1	1	5	1
5278	1	1	0	1	1	5	1
5278	1	1	0	1	1	5	1
5278	1	1	0	1	1	5	1
5278	1	1	0	1	1	5	1
5278	1	1	0	1	1	5	1
5278	1	1	0	1	1	5	1
5278	1	1	0	1	1	5	1
5278	1	1	0	1	1	5	1
5278	1	1	0	1	1	5	1
5278	1	1	0	1	1	5	1
5278	1	1	0	1	1	5	1
5278	1	1	0	1	1	5	1
5278	1	1	0	1	1	5	1
5279	1	0	0	1	0	0	1
5279	1	0	0	1	0	0	1
5279	1	0	0	1	0	0	1
5279	1	0	0	1	0	0	1
5279	1	0	0	1	0	0	1
5279	1	0	0	1	0	0	1
5279	1	0	0	1	0	0	1
5279	1	0	0	1	0	0	1
5279	1	0	0	1	0	0	1
5279	1	0	0	1	0	0	1
5279	1	0	0	1	0	0	1
5279	1	0	0	1	0	0	1
5279	1	0	0	1	0	0	1
5279	1	0	0	1	0	0	1
5279	1	0	0	1	0	0	1
5279	1	0	0	1	0	0	1
5279	1	0	0	1	0	0	1
5279	1	0	0	1	0	0	1
5279	1	0	0	1	0	0	1
5279	1	0	0	1	0	0	1
5279	1	0	0	1	0	0	1
5279	1	0	0	1	0	0	1
5279	1	0	0	1	0	0	1
5279	1	0	0	1	0	0	1
5279	1	0	0	1	0	0	1
5279	1	0	0	1	0	0	1
5279	1	0	0	1	0	0	1
5279	1	0	0	1	0	0	1
5279	1	0	0	1	0	0	1
5279	1	0	0	1	0	0	1
5279	1	0	0	1	0	0	1
5279	1	0	0	1	0	0	1
5279	1	0	0	1	0	0	1
5279	1	0	0	1	0	0	1
5279	1	0	0	1	0	0	1
5279	1	0	0	1	0	0	1
5279	1	0	0	1	0	0	1
5279	1	0	0	1	0	0	1
5279	1	0	0	1	0	0	1
5279	1	0	0	1	0	0	1
5279	1	0	0	1	0	0	1
5279	1	0	0	1	0	0	1
5279	1	0	0	1	0	0	1
5279	1	0	0	1	0	0	1
5279	1	0	0	1	0	0	1
5279	1	0	0	1	0	0	1
5279	1	0	0	1	0	0	1
5279	1	0	0	1	0	0	1
5279	1	0	0	1	0	0	1
5280	1	1	0	1	0	0	0
5280	1	1	0	1	0	0	0
5280	1	1	0	1	0	0	0
5280	1	1	0	1	0	0	0
5280	1	1	0	1	0	0	0
5280	1	1	0	1	0	0	0
5280	1	1	0	1	0	0	0
5280	1	1	0	1	0	0	0
5280	1	1	0	1	0	0	0
5280	1	1	0	1	0	0	0
5280	1	1	0	1	0	0	0
5280	1	1	0	1	0	0	0
5280	1	1	0	1	0	0	0
5280	1	1	0	1	0	0	0
5280	1	1	0	1	0	0	0
5280	1	1	0	1	0	0	0
5280	1	1	0	1	0	0	0
5280	1	1	0	1	0	0	0
5280	1	1	0	1	0	0	0
5280	1	1	0	1	0	0	0
5280	1	1	0	1	0	0	0
5280	1	1	0	1	0	0	0
5280	1	1	0	1	0	0	0
5280	1	1	0	1	0	0	0
5280	1	1	0	1	0	0	0
5280	1	1	0	1	0	0	0
5280	1	1	0	1	0	0	0
5280	1	1	0	1	0	0	0
5280	1	1	0	1	0	0	0
5280	1	1	0	1	0	0	0
5280	1	1	0	1	0	0	0
5280	1	1	0	1	0	0	0
5280	1	1	0	1	0	0	0
5280	1	1	0	1	0	0	0
5280	1	1	0	1	0	0	0
5280	1	1	0	1	0	0	0
5280	1	1	0	1	0	0	0
5280	1	1	0	1	0	0	0
5280	1	1	0	1	0	0	0
5280	1	1	0	1	0	0	0
5280	1	1	0	1	0	0	0
5280	1	1	0	1	0	0	0
5280	1	1	0	1	0	0	0
5280	1	1	0	1	0	0	0
5280	1	1	0	1	0	0	0
5280	1	1	0	1	0	0	0
5280	1	1	0	1	0	0	0
5280	1	1	0	1	0	0	0
5280	1	1	0	1	0	0	0
5281	1	1	1	0	0	1	0
5281	1	1	1	0	0	1	0
5281	1	1	1	0	0	1	0
5281	1	1	1	0	0	1	0
5281	1	1	1	0	0	1	0
5281	1	1	1	0	0	1	0
5281	1	1	1	0	0	1	0
5281	1	1	1	0	0	1	0
5281	1	1	1	0	0	1	0
5281	1	1	1	0	0	1	0
5281	1	1	1	0	0	1	0
5281	1	1	1	0	0	1	0
5281	1	1	1	0	0	1	0
5281	1	1	1	0	0	1	0
5281	1	1	1	0	0	1	0
5281	1	1	1	0	0	1	0
5281	1	1	1	0	0	1	0
5281	1	1	1	0	0	1	0
5281	1	1	1	0	0	1	0
5281	1	1	1	0	0	1	0
5281	1	1	1	0	0	1	0
5281	1	1	1	0	0	1	0
5281	1	1	1	0	0	1	0
5281	1	1	1	0	0	1	0
5281	1	1	1	0	0	1	0
5281	1	1	1	0	0	1	0
5281	1	1	1	0	0	1	0
5281	1	1	1	0	0	1	0
5281	1	1	1	0	0	1	0
5281	1	1	1	0	0	1	0
5281	1	1	1	0	0	1	0
5281	1	1	1	0	0	1	0
5281	1	1	1	0	0	1	0
5281	1	1	1	0	0	1	0
5281	1	1	1	0	0	1	0
5281	1	1	1	0	0	1	0
5281	1	1	1	0	0	1	0
5281	1	1	1	0	0	1	0
5281	1	1	1	0	0	1	0
5281	1	1	1	0	0	1	0
5281	1	1	1	0	0	1	0
5281	1	1	1	0	0	1	0
5281	1	1	1	0	0	1	0
5281	1	1	1	0	0	1	0
5281	1	1	1	0	0	1	0
5281	1	1	1	0	0	1	0
5281	1	1	1	0	0	1	0
5281	1	1	1	0	0	1	0
5281	1	1	1	0	0	1	0
5282	1	1	1	1	1	0	0
5282	1	1	1	1	1	0	0
5282	1	1	1	1	1	0	0
5282	1	1	1	1	1	0	0
5282	1	1	1	1	1	0	0
5282	1	1	1	1	1	0	0
5282	1	1	1	1	1	0	0
5282	1	1	1	1	1	0	0
5282	1	1	1	1	1	0	0
5282	1	1	1	1	1	0	0
5282	1	1	1	1	1	0	0
5282	1	1	1	1	1	0	0
5282	1	1	1	1	1	0	0
5282	1	1	1	1	1	0	0
5282	1	1	1	1	1	0	0
5282	1	1	1	1	1	0	0
5282	1	1	1	1	1	0	0
5282	1	1	1	1	1	0	0
5282	1	1	1	1	1	0	0
5282	1	1	1	1	1	0	0
5282	1	1	1	1	1	0	0
5282	1	1	1	1	1	0	0
5282	1	1	1	1	1	0	0
5282	1	1	1	1	1	0	0
5282	1	1	1	1	1	0	0
5282	1	1	1	1	1	0	0
5282	1	1	1	1	1	0	0
5282	1	1	1	1	1	0	0
5282	1	1	1	1	1	0	0
5282	1	1	1	1	1	0	0
5282	1	1	1	1	1	0	0
5282	1	1	1	1	1	0	0
5282	1	1	1	1	1	0	0
5282	1	1	1	1	1	0	0
5282	1	1	1	1	1	0	0
5282	1	1	1	1	1	0	0
5282	1	1	1	1	1	0	0
5282	1	1	1	1	1	0	0
5282	1	1	1	1	1	0	0
5282	1	1	1	1	1	0	0
5282	1	1	1	1	1	0	0
5282	1	1	1	1	1	0	0
5282	1	1	1	1	1	0	0
5282	1	1	1	1	1	0	0
5282	1	1	1	1	1	0	0
5282	1	1	1	1	1	0	0
5282	1	1	1	1	1	0	0
5282	1	1	1	1	1	0	0
5282	1	1	1	1	1	0	0
5283	1	1	0	0	1	0	1
5283	1	1	0	0	1	0	1
5283	1	1	0	0	1	0	1
5283	1	1	0	0	1	0	1
5283	1	1	0	0	1	0	1
5283	1	1	0	0	1	0	1
5283	1	1	0	0	1	0	1
5283	1	1	0	0	1	0	1
5283	1	1	0	0	1	0	1
5283	1	1	0	0	1	0	1
5283	1	1	0	0	1	0	1
5283	1	1	0	0	1	0	1
5283	1	1	0	0	1	0	1
5283	1	1	0	0	1	0	1
5283	1	1	0	0	1	0	1
5283	1	1	0	0	1	0	1
5283	1	1	0	0	1	0	1
5283	1	1	0	0	1	0	1
5283	1	1	0	0	1	0	1
5283	1	1	0	0	1	0	1
5283	1	1	0	0	1	0	1
5283	1	1	0	0	1	0	1
5283	1	1	0	0	1	0	1
5283	1	1	0	0	1	0	1
5283	1	1	0	0	1	0	1
5283	1	1	0	0	1	0	1
5283	1	1	0	0	1	0	1
5283	1	1	0	0	1	0	1
5283	1	1	0	0	1	0	1
5283	1	1	0	0	1	0	1
5283	1	1	0	0	1	0	1
5283	1	1	0	0	1	0	1
5283	1	1	0	0	1	0	1
5283	1	1	0	0	1	0	1
5283	1	1	0	0	1	0	1
5283	1	1	0	0	1	0	1
5283	1	1	0	0	1	0	1
5283	1	1	0	0	1	0	1
5283	1	1	0	0	1	0	1
5283	1	1	0	0	1	0	1
5283	1	1	0	0	1	0	1
5283	1	1	0	0	1	0	1
5283	1	1	0	0	1	0	1
5283	1	1	0	0	1	0	1
5283	1	1	0	0	1	0	1
5283	1	1	0	0	1	0	1
5283	1	1	0	0	1	0	1
5283	1	1	0	0	1	0	1
5283	1	1	0	0	1	0	1
5284	0	1	0	0	0	1	1
5284	0	1	0	0	0	1	1
5284	0	1	0	0	0	1	1
5284	0	1	0	0	0	1	1
5284	0	1	0	0	0	1	1
5284	0	1	0	0	0	1	1
5284	0	1	0	0	0	1	1
5284	0	1	0	0	0	1	1
5284	0	1	0	0	0	1	1
5284	0	1	0	0	0	1	1
5284	0	1	0	0	0	1	1
5284	0	1	0	0	0	1	1
5284	0	1	0	0	0	1	1
5284	0	1	0	0	0	1	1
5284	0	1	0	0	0	1	1
5284	0	1	0	0	0	1	1
5284	0	1	0	0	0	1	1
5284	0	1	0	0	0	1	1
5284	0	1	0	0	0	1	1
5284	0	1	0	0	0	1	1
5284	0	1	0	0	0	1	1
5284	0	1	0	0	0	1	1
5284	0	1	0	0	0	1	1
5284	0	1	0	0	0	1	1
5284	0	1	0	0	0	1	1
5284	0	1	0	0	0	1	1
5284	0	1	0	0	0	1	1
5284	0	1	0	0	0	1	1
5284	0	1	0	0	0	1	1
5284	0	1	0	0	0	1	1
5284	0	1	0	0	0	1	1
5284	0	1	0	0	0	1	1
5284	0	1	0	0	0	1	1
5284	0	1	0	0	0	1	1
5284	0	1	0	0	0	1	1
5284	0	1	0	0	0	1	1
5284	0	1	0	0	0	1	1
5284	0	1	0	0	0	1	1
5284	0	1	0	0	0	1	1
5284	0	1	0	0	0	1	1
5284	0	1	0	0	0	1	1
5284	0	1	0	0	0	1	1
5284	0	1	0	0	0	1	1
5284	0	1	0	0	0	1	1
5284	0	1	0	0	0	1	1
5284	0	1	0	0	0	1	1
5284	0	1	0	0	0	1	1
5284	0	1	0	0	0	1	1
5284	0	1	0	0	0	1	1
5285	1	0	0	0	1	1	0
5285	1	0	0	0	1	1	0
5285	1	0	0	0	1	1	0
5285	1	0	0	0	1	1	0
5285	1	0	0	0	1	1	0
5285	1	0	0	0	1	1	0
5285	1	0	0	0	1	1	0
5285	1	0	0	0	1	1	0
5285	1	0	0	0	1	1	0
5285	1	0	0	0	1	1	0
5285	1	0	0	0	1	1	0
5285	1	0	0	0	1	1	0
5285	1	0	0	0	1	1	0
5285	1	0	0	0	1	1	0
5285	1	0	0	0	1	1	0
5285	1	0	0	0	1	1	0
5285	1	0	0	0	1	1	0
5285	1	0	0	0	1	1	0
5285	1	0	0	0	1	1	0
5285	1	0	0	0	1	1	0
5285	1	0	0	0	1	1	0
5285	1	0	0	0	1	1	0
5285	1	0	0	0	1	1	0
5285	1	0	0	0	1	1	0
5285	1	0	0	0	1	1	0
5285	1	0	0	0	1	1	0
5285	1	0	0	0	1	1	0
5285	1	0	0	0	1	1	0
5285	1	0	0	0	1	1	0
5285	1	0	0	0	1	1	0
5285	1	0	0	0	1	1	0
5285	1	0	0	0	1	1	0
5285	1	0	0	0	1	1	0
5285	1	0	0	0	1	1	0
5285	1	0	0	0	1	1	0
5285	1	0	0	0	1	1	0
5285	1	0	0	0	1	1	0
5285	1	0	0	0	1	1	0
5285	1	0	0	0	1	1	0
5285	1	0	0	0	1	1	0
5285	1	0	0	0	1	1	0
5285	1	0	0	0	1	1	0
5285	1	0	0	0	1	1	0
5285	1	0	0	0	1	1	0
5285	1	0	0	0	1	1	0
5285	1	0	0	0	1	1	0
5285	1	0	0	0	1	1	0
5285	1	0	0	0	1	1	0
5285	1	0	0	0	1	1	0
5286	0	1	1	0	0	1	0
5286	0	1	1	0	0	1	0
5286	0	1	1	0	0	1	0
5286	0	1	1	0	0	1	0
5286	0	1	1	0	0	1	0
5286	0	1	1	0	0	1	0
5286	0	1	1	0	0	1	0
5286	0	1	1	0	0	1	0
5286	0	1	1	0	0	1	0
5286	0	1	1	0	0	1	0
5286	0	1	1	0	0	1	0
5286	0	1	1	0	0	1	0
5286	0	1	1	0	0	1	0
5286	0	1	1	0	0	1	0
5286	0	1	1	0	0	1	0
5286	0	1	1	0	0	1	0
5286	0	1	1	0	0	1	0
5286	0	1	1	0	0	1	0
5286	0	1	1	0	0	1	0
5286	0	1	1	0	0	1	0
5286	0	1	1	0	0	1	0
5286	0	1	1	0	0	1	0
5286	0	1	1	0	0	1	0
5286	0	1	1	0	0	1	0
5286	0	1	1	0	0	1	0
5286	0	1	1	0	0	1	0
5286	0	1	1	0	0	1	0
5286	0	1	1	0	0	1	0
5286	0	1	1	0	0	1	0
5286	0	1	1	0	0	1	0
5286	0	1	1	0	0	1	0
5286	0	1	1	0	0	1	0
5286	0	1	1	0	0	1	0
5286	0	1	1	0	0	1	0
5286	0	1	1	0	0	1	0
5286	0	1	1	0	0	1	0
5286	0	1	1	0	0	1	0
5286	0	1	1	0	0	1	0
5286	0	1	1	0	0	1	0
5286	0	1	1	0	0	1	0
5286	0	1	1	0	0	1	0
5286	0	1	1	0	0	1	0
5286	0	1	1	0	0	1	0
5286	0	1	1	0	0	1	0
5286	0	1	1	0	0	1	0
5286	0	1	1	0	0	1	0
5286	0	1	1	0	0	1	0
5286	0	1	1	0	0	1	0
5286	0	1	1	0	0	1	0
5287	1	1	0	1	1	1	1
5287	1	1	0	1	1	1	1
5287	1	1	0	1	1	1	1
5287	1	1	0	1	1	1	1
5287	1	1	0	1	1	1	1
5287	1	1	0	1	1	1	1
5287	1	1	0	1	1	1	1
5287	1	1	0	1	1	1	1
5287	1	1	0	1	1	1	1
5287	1	1	0	1	1	1	1
5287	1	1	0	1	1	1	1
5287	1	1	0	1	1	1	1
5287	1	1	0	1	1	1	1
5287	1	1	0	1	1	1	1
5287	1	1	0	1	1	1	1
5287	1	1	0	1	1	1	1
5287	1	1	0	1	1	1	1
5287	1	1	0	1	1	1	1
5287	1	1	0	1	1	1	1
5287	1	1	0	1	1	1	1
5287	1	1	0	1	1	1	1
5287	1	1	0	1	1	1	1
5287	1	1	0	1	1	1	1
5287	1	1	0	1	1	1	1
5287	1	1	0	1	1	1	1
5287	1	1	0	1	1	1	1
5287	1	1	0	1	1	1	1
5287	1	1	0	1	1	1	1
5287	1	1	0	1	1	1	1
5287	1	1	0	1	1	1	1
5287	1	1	0	1	1	1	1
5287	1	1	0	1	1	1	1
5287	1	1	0	1	1	1	1
5287	1	1	0	1	1	1	1
5287	1	1	0	1	1	1	1
5287	1	1	0	1	1	1	1
5287	1	1	0	1	1	1	1
5287	1	1	0	1	1	1	1
5287	1	1	0	1	1	1	1
5287	1	1	0	1	1	1	1
5287	1	1	0	1	1	1	1
5287	1	1	0	1	1	1	1
5287	1	1	0	1	1	1	1
5287	1	1	0	1	1	1	1
5287	1	1	0	1	1	1	1
5287	1	1	0	1	1	1	1
5287	1	1	0	1	1	1	1
5287	1	1	0	1	1	1	1
5287	1	1	0	1	1	1	1
5288	1	0	1	1	0	1	1
5288	1	0	1	1	0	1	1
5288	1	0	1	1	0	1	1
5288	1	0	1	1	0	1	1
5288	1	0	1	1	0	1	1
5288	1	0	1	1	0	1	1
5288	1	0	1	1	0	1	1
5288	1	0	1	1	0	1	1
5288	1	0	1	1	0	1	1
5288	1	0	1	1	0	1	1
5288	1	0	1	1	0	1	1
5288	1	0	1	1	0	1	1
5288	1	0	1	1	0	1	1
5288	1	0	1	1	0	1	1
5288	1	0	1	1	0	1	1
5288	1	0	1	1	0	1	1
5288	1	0	1	1	0	1	1
5288	1	0	1	1	0	1	1
5288	1	0	1	1	0	1	1
5288	1	0	1	1	0	1	1
5288	1	0	1	1	0	1	1
5288	1	0	1	1	0	1	1
5288	1	0	1	1	0	1	1
5288	1	0	1	1	0	1	1
5288	1	0	1	1	0	1	1
5288	1	0	1	1	0	1	1
5288	1	0	1	1	0	1	1
5288	1	0	1	1	0	1	1
5288	1	0	1	1	0	1	1
5288	1	0	1	1	0	1	1
5288	1	0	1	1	0	1	1
5288	1	0	1	1	0	1	1
5288	1	0	1	1	0	1	1
5288	1	0	1	1	0	1	1
5288	1	0	1	1	0	1	1
5288	1	0	1	1	0	1	1
5288	1	0	1	1	0	1	1
5288	1	0	1	1	0	1	1
5288	1	0	1	1	0	1	1
5288	1	0	1	1	0	1	1
5288	1	0	1	1	0	1	1
5288	1	0	1	1	0	1	1
5288	1	0	1	1	0	1	1
5288	1	0	1	1	0	1	1
5288	1	0	1	1	0	1	1
5288	1	0	1	1	0	1	1
5288	1	0	1	1	0	1	1
5288	1	0	1	1	0	1	1
5288	1	0	1	1	0	1	1
5289	1	1	1	1	1	1	1
5289	1	1	1	1	1	1	1
5289	1	1	1	1	1	1	1
5289	1	1	1	1	1	1	1
5289	1	1	1	1	1	1	1
5289	1	1	1	1	1	1	1
5289	1	1	1	1	1	1	1
5289	1	1	1	1	1	1	1
5289	1	1	1	1	1	1	1
5289	1	1	1	1	1	1	1
5289	1	1	1	1	1	1	1
5289	1	1	1	1	1	1	1
5289	1	1	1	1	1	1	1
5289	1	1	1	1	1	1	1
5289	1	1	1	1	1	1	1
5289	1	1	1	1	1	1	1
5289	1	1	1	1	1	1	1
5289	1	1	1	1	1	1	1
5289	1	1	1	1	1	1	1
5289	1	1	1	1	1	1	1
5289	1	1	1	1	1	1	1
5289	1	1	1	1	1	1	1
5289	1	1	1	1	1	1	1
5289	1	1	1	1	1	1	1
5289	1	1	1	1	1	1	1
5289	1	1	1	1	1	1	1
5289	1	1	1	1	1	1	1
5289	1	1	1	1	1	1	1
5289	1	1	1	1	1	1	1
5289	1	1	1	1	1	1	1
5289	1	1	1	1	1	1	1
5289	1	1	1	1	1	1	1
5289	1	1	1	1	1	1	1
5289	1	1	1	1	1	1	1
5289	1	1	1	1	1	1	1
5289	1	1	1	1	1	1	1
5289	1	1	1	1	1	1	1
5289	1	1	1	1	1	1	1
5289	1	1	1	1	1	1	1
5289	1	1	1	1	1	1	1
5289	1	1	1	1	1	1	1
5289	1	1	1	1	1	1	1
5289	1	1	1	1	1	1	1
5289	1	1	1	1	1	1	1
5289	1	1	1	1	1	1	1
5289	1	1	1	1	1	1	1
5289	1	1	1	1	1	1	1
5289	1	1	1	1	1	1	1
5289	1	1	1	1	1	1	1
5290	0	0	0	1	1	0	1
5290	0	0	0	1	1	0	1
5290	0	0	0	1	1	0	1
5290	0	0	0	1	1	0	1
5290	0	0	0	1	1	0	1
5290	0	0	0	1	1	0	1
5290	0	0	0	1	1	0	1
5290	0	0	0	1	1	0	1
5290	0	0	0	1	1	0	1
5290	0	0	0	1	1	0	1
5290	0	0	0	1	1	0	1
5290	0	0	0	1	1	0	1
5290	0	0	0	1	1	0	1
5290	0	0	0	1	1	0	1
5290	0	0	0	1	1	0	1
5290	0	0	0	1	1	0	1
5290	0	0	0	1	1	0	1
5290	0	0	0	1	1	0	1
5290	0	0	0	1	1	0	1
5290	0	0	0	1	1	0	1
5290	0	0	0	1	1	0	1
5290	0	0	0	1	1	0	1
5290	0	0	0	1	1	0	1
5290	0	0	0	1	1	0	1
5290	0	0	0	1	1	0	1
5290	0	0	0	1	1	0	1
5290	0	0	0	1	1	0	1
5290	0	0	0	1	1	0	1
5290	0	0	0	1	1	0	1
5290	0	0	0	1	1	0	1
5290	0	0	0	1	1	0	1
5290	0	0	0	1	1	0	1
5290	0	0	0	1	1	0	1
5290	0	0	0	1	1	0	1
5290	0	0	0	1	1	0	1
5290	0	0	0	1	1	0	1
5290	0	0	0	1	1	0	1
5290	0	0	0	1	1	0	1
5290	0	0	0	1	1	0	1
5290	0	0	0	1	1	0	1
5290	0	0	0	1	1	0	1
5290	0	0	0	1	1	0	1
5290	0	0	0	1	1	0	1
5290	0	0	0	1	1	0	1
5290	0	0	0	1	1	0	1
5290	0	0	0	1	1	0	1
5290	0	0	0	1	1	0	1
5290	0	0	0	1	1	0	1
5290	0	0	0	1	1	0	1
5291	0	1	0	0	0	1	1
5291	0	1	0	0	0	1	1
5291	0	1	0	0	0	1	1
5291	0	1	0	0	0	1	1
5291	0	1	0	0	0	1	1
5291	0	1	0	0	0	1	1
5291	0	1	0	0	0	1	1
5291	0	1	0	0	0	1	1
5291	0	1	0	0	0	1	1
5291	0	1	0	0	0	1	1
5291	0	1	0	0	0	1	1
5291	0	1	0	0	0	1	1
5291	0	1	0	0	0	1	1
5291	0	1	0	0	0	1	1
5291	0	1	0	0	0	1	1
5291	0	1	0	0	0	1	1
5291	0	1	0	0	0	1	1
5291	0	1	0	0	0	1	1
5291	0	1	0	0	0	1	1
5291	0	1	0	0	0	1	1
5291	0	1	0	0	0	1	1
5291	0	1	0	0	0	1	1
5291	0	1	0	0	0	1	1
5291	0	1	0	0	0	1	1
5291	0	1	0	0	0	1	1
5291	0	1	0	0	0	1	1
5291	0	1	0	0	0	1	1
5291	0	1	0	0	0	1	1
5291	0	1	0	0	0	1	1
5291	0	1	0	0	0	1	1
5291	0	1	0	0	0	1	1
5291	0	1	0	0	0	1	1
5291	0	1	0	0	0	1	1
5291	0	1	0	0	0	1	1
5291	0	1	0	0	0	1	1
5291	0	1	0	0	0	1	1
5291	0	1	0	0	0	1	1
5291	0	1	0	0	0	1	1
5291	0	1	0	0	0	1	1
5291	0	1	0	0	0	1	1
5291	0	1	0	0	0	1	1
5291	0	1	0	0	0	1	1
5291	0	1	0	0	0	1	1
5291	0	1	0	0	0	1	1
5291	0	1	0	0	0	1	1
5291	0	1	0	0	0	1	1
5291	0	1	0	0	0	1	1
5291	0	1	0	0	0	1	1
5291	0	1	0	0	0	1	1
5292	1	0	0	1	1	0	0
5292	1	0	0	1	1	0	0
5292	1	0	0	1	1	0	0
5292	1	0	0	1	1	0	0
5292	1	0	0	1	1	0	0
5292	1	0	0	1	1	0	0
5292	1	0	0	1	1	0	0
5292	1	0	0	1	1	0	0
5292	1	0	0	1	1	0	0
5292	1	0	0	1	1	0	0
5292	1	0	0	1	1	0	0
5292	1	0	0	1	1	0	0
5292	1	0	0	1	1	0	0
5292	1	0	0	1	1	0	0
5292	1	0	0	1	1	0	0
5292	1	0	0	1	1	0	0
5292	1	0	0	1	1	0	0
5292	1	0	0	1	1	0	0
5292	1	0	0	1	1	0	0
5292	1	0	0	1	1	0	0
5292	1	0	0	1	1	0	0
5292	1	0	0	1	1	0	0
5292	1	0	0	1	1	0	0
5292	1	0	0	1	1	0	0
5292	1	0	0	1	1	0	0
5292	1	0	0	1	1	0	0
5292	1	0	0	1	1	0	0
5292	1	0	0	1	1	0	0
5292	1	0	0	1	1	0	0
5292	1	0	0	1	1	0	0
5292	1	0	0	1	1	0	0
5292	1	0	0	1	1	0	0
5292	1	0	0	1	1	0	0
5292	1	0	0	1	1	0	0
5292	1	0	0	1	1	0	0
5292	1	0	0	1	1	0	0
5292	1	0	0	1	1	0	0
5292	1	0	0	1	1	0	0
5292	1	0	0	1	1	0	0
5292	1	0	0	1	1	0	0
5292	1	0	0	1	1	0	0
5292	1	0	0	1	1	0	0
5292	1	0	0	1	1	0	0
5292	1	0	0	1	1	0	0
5292	1	0	0	1	1	0	0
5292	1	0	0	1	1	0	0
5292	1	0	0	1	1	0	0
5292	1	0	0	1	1	0	0
5292	1	0	0	1	1	0	0
5293	1	0	0	1	0	0	1
5293	1	0	0	1	0	0	1
5293	1	0	0	1	0	0	1
5293	1	0	0	1	0	0	1
5293	1	0	0	1	0	0	1
5293	1	0	0	1	0	0	1
5293	1	0	0	1	0	0	1
5293	1	0	0	1	0	0	1
5293	1	0	0	1	0	0	1
5293	1	0	0	1	0	0	1
5293	1	0	0	1	0	0	1
5293	1	0	0	1	0	0	1
5293	1	0	0	1	0	0	1
5293	1	0	0	1	0	0	1
5293	1	0	0	1	0	0	1
5293	1	0	0	1	0	0	1
5293	1	0	0	1	0	0	1
5293	1	0	0	1	0	0	1
5293	1	0	0	1	0	0	1
5293	1	0	0	1	0	0	1
5293	1	0	0	1	0	0	1
5293	1	0	0	1	0	0	1
5293	1	0	0	1	0	0	1
5293	1	0	0	1	0	0	1
5293	1	0	0	1	0	0	1
5293	1	0	0	1	0	0	1
5293	1	0	0	1	0	0	1
5293	1	0	0	1	0	0	1
5293	1	0	0	1	0	0	1
5293	1	0	0	1	0	0	1
5293	1	0	0	1	0	0	1
5293	1	0	0	1	0	0	1
5293	1	0	0	1	0	0	1
5293	1	0	0	1	0	0	1
5293	1	0	0	1	0	0	1
5293	1	0	0	1	0	0	1
5293	1	0	0	1	0	0	1
5293	1	0	0	1	0	0	1
5293	1	0	0	1	0	0	1
5293	1	0	0	1	0	0	1
5293	1	0	0	1	0	0	1
5293	1	0	0	1	0	0	1
5293	1	0	0	1	0	0	1
5293	1	0	0	1	0	0	1
5293	1	0	0	1	0	0	1
5293	1	0	0	1	0	0	1
5293	1	0	0	1	0	0	1
5293	1	0	0	1	0	0	1
5293	1	0	0	1	0	0	1
5294	1	0	0	0	0	0	1
5294	1	0	0	0	0	0	1
5294	1	0	0	0	0	0	1
5294	1	0	0	0	0	0	1
5294	1	0	0	0	0	0	1
5294	1	0	0	0	0	0	1
5294	1	0	0	0	0	0	1
5294	1	0	0	0	0	0	1
5294	1	0	0	0	0	0	1
5294	1	0	0	0	0	0	1
5294	1	0	0	0	0	0	1
5294	1	0	0	0	0	0	1
5294	1	0	0	0	0	0	1
5294	1	0	0	0	0	0	1
5294	1	0	0	0	0	0	1
5294	1	0	0	0	0	0	1
5294	1	0	0	0	0	0	1
5294	1	0	0	0	0	0	1
5294	1	0	0	0	0	0	1
5294	1	0	0	0	0	0	1
5294	1	0	0	0	0	0	1
5294	1	0	0	0	0	0	1
5294	1	0	0	0	0	0	1
5294	1	0	0	0	0	0	1
5294	1	0	0	0	0	0	1
5294	1	0	0	0	0	0	1
5294	1	0	0	0	0	0	1
5294	1	0	0	0	0	0	1
5294	1	0	0	0	0	0	1
5294	1	0	0	0	0	0	1
5294	1	0	0	0	0	0	1
5294	1	0	0	0	0	0	1
5294	1	0	0	0	0	0	1
5294	1	0	0	0	0	0	1
5294	1	0	0	0	0	0	1
5294	1	0	0	0	0	0	1
5294	1	0	0	0	0	0	1
5294	1	0	0	0	0	0	1
5294	1	0	0	0	0	0	1
5294	1	0	0	0	0	0	1
5294	1	0	0	0	0	0	1
5294	1	0	0	0	0	0	1
5294	1	0	0	0	0	0	1
5294	1	0	0	0	0	0	1
5294	1	0	0	0	0	0	1
5294	1	0	0	0	0	0	1
5294	1	0	0	0	0	0	1
5294	1	0	0	0	0	0	1
5294	1	0	0	0	0	0	1
5295	1	0	1	0	0	1	1
5295	1	0	1	0	0	1	1
5295	1	0	1	0	0	1	1
5295	1	0	1	0	0	1	1
5295	1	0	1	0	0	1	1
5295	1	0	1	0	0	1	1
5295	1	0	1	0	0	1	1
5295	1	0	1	0	0	1	1
5295	1	0	1	0	0	1	1
5295	1	0	1	0	0	1	1
5295	1	0	1	0	0	1	1
5295	1	0	1	0	0	1	1
5295	1	0	1	0	0	1	1
5295	1	0	1	0	0	1	1
5295	1	0	1	0	0	1	1
5295	1	0	1	0	0	1	1
5295	1	0	1	0	0	1	1
5295	1	0	1	0	0	1	1
5295	1	0	1	0	0	1	1
5295	1	0	1	0	0	1	1
5295	1	0	1	0	0	1	1
5295	1	0	1	0	0	1	1
5295	1	0	1	0	0	1	1
5295	1	0	1	0	0	1	1
5295	1	0	1	0	0	1	1
5295	1	0	1	0	0	1	1
5295	1	0	1	0	0	1	1
5295	1	0	1	0	0	1	1
5295	1	0	1	0	0	1	1
5295	1	0	1	0	0	1	1
5295	1	0	1	0	0	1	1
5295	1	0	1	0	0	1	1
5295	1	0	1	0	0	1	1
5295	1	0	1	0	0	1	1
5295	1	0	1	0	0	1	1
5295	1	0	1	0	0	1	1
5295	1	0	1	0	0	1	1
5295	1	0	1	0	0	1	1
5295	1	0	1	0	0	1	1
5295	1	0	1	0	0	1	1
5295	1	0	1	0	0	1	1
5295	1	0	1	0	0	1	1
5295	1	0	1	0	0	1	1
5295	1	0	1	0	0	1	1
5295	1	0	1	0	0	1	1
5295	1	0	1	0	0	1	1
5295	1	0	1	0	0	1	1
5295	1	0	1	0	0	1	1
5295	1	0	1	0	0	1	1
5296	0	1	0	0	0	1	0
5296	0	1	0	0	0	1	0
5296	0	1	0	0	0	1	0
5296	0	1	0	0	0	1	0
5296	0	1	0	0	0	1	0
5296	0	1	0	0	0	1	0
5296	0	1	0	0	0	1	0
5296	0	1	0	0	0	1	0
5296	0	1	0	0	0	1	0
5296	0	1	0	0	0	1	0
5296	0	1	0	0	0	1	0
5296	0	1	0	0	0	1	0
5296	0	1	0	0	0	1	0
5296	0	1	0	0	0	1	0
5296	0	1	0	0	0	1	0
5296	0	1	0	0	0	1	0
5296	0	1	0	0	0	1	0
5296	0	1	0	0	0	1	0
5296	0	1	0	0	0	1	0
5296	0	1	0	0	0	1	0
5296	0	1	0	0	0	1	0
5296	0	1	0	0	0	1	0
5296	0	1	0	0	0	1	0
5296	0	1	0	0	0	1	0
5296	0	1	0	0	0	1	0
5296	0	1	0	0	0	1	0
5296	0	1	0	0	0	1	0
5296	0	1	0	0	0	1	0
5296	0	1	0	0	0	1	0
5296	0	1	0	0	0	1	0
5296	0	1	0	0	0	1	0
5296	0	1	0	0	0	1	0
5296	0	1	0	0	0	1	0
5296	0	1	0	0	0	1	0
5296	0	1	0	0	0	1	0
5296	0	1	0	0	0	1	0
5296	0	1	0	0	0	1	0
5296	0	1	0	0	0	1	0
5296	0	1	0	0	0	1	0
5296	0	1	0	0	0	1	0
5296	0	1	0	0	0	1	0
5296	0	1	0	0	0	1	0
5296	0	1	0	0	0	1	0
5296	0	1	0	0	0	1	0
5296	0	1	0	0	0	1	0
5296	0	1	0	0	0	1	0
5296	0	1	0	0	0	1	0
5296	0	1	0	0	0	1	0
5296	0	1	0	0	0	1	0
5297	0	1	0	0	1	0	1
5297	0	1	0	0	1	0	1
5297	0	1	0	0	1	0	1
5297	0	1	0	0	1	0	1
5297	0	1	0	0	1	0	1
5297	0	1	0	0	1	0	1
5297	0	1	0	0	1	0	1
5297	0	1	0	0	1	0	1
5297	0	1	0	0	1	0	1
5297	0	1	0	0	1	0	1
5297	0	1	0	0	1	0	1
5297	0	1	0	0	1	0	1
5297	0	1	0	0	1	0	1
5297	0	1	0	0	1	0	1
5297	0	1	0	0	1	0	1
5297	0	1	0	0	1	0	1
5297	0	1	0	0	1	0	1
5297	0	1	0	0	1	0	1
5297	0	1	0	0	1	0	1
5297	0	1	0	0	1	0	1
5297	0	1	0	0	1	0	1
5297	0	1	0	0	1	0	1
5297	0	1	0	0	1	0	1
5297	0	1	0	0	1	0	1
5297	0	1	0	0	1	0	1
5297	0	1	0	0	1	0	1
5297	0	1	0	0	1	0	1
5297	0	1	0	0	1	0	1
5297	0	1	0	0	1	0	1
5297	0	1	0	0	1	0	1
5297	0	1	0	0	1	0	1
5297	0	1	0	0	1	0	1
5297	0	1	0	0	1	0	1
5297	0	1	0	0	1	0	1
5297	0	1	0	0	1	0	1
5297	0	1	0	0	1	0	1
5297	0	1	0	0	1	0	1
5297	0	1	0	0	1	0	1
5297	0	1	0	0	1	0	1
5297	0	1	0	0	1	0	1
5297	0	1	0	0	1	0	1
5297	0	1	0	0	1	0	1
5297	0	1	0	0	1	0	1
5297	0	1	0	0	1	0	1
5297	0	1	0	0	1	0	1
5297	0	1	0	0	1	0	1
5297	0	1	0	0	1	0	1
5297	0	1	0	0	1	0	1
5297	0	1	0	0	1	0	1
5298	0	1	0	1	1	1	1
5298	0	1	0	1	1	1	1
5298	0	1	0	1	1	1	1
5298	0	1	0	1	1	1	1
5298	0	1	0	1	1	1	1
5298	0	1	0	1	1	1	1
5298	0	1	0	1	1	1	1
5298	0	1	0	1	1	1	1
5298	0	1	0	1	1	1	1
5298	0	1	0	1	1	1	1
5298	0	1	0	1	1	1	1
5298	0	1	0	1	1	1	1
5298	0	1	0	1	1	1	1
5298	0	1	0	1	1	1	1
5298	0	1	0	1	1	1	1
5298	0	1	0	1	1	1	1
5298	0	1	0	1	1	1	1
5298	0	1	0	1	1	1	1
5298	0	1	0	1	1	1	1
5298	0	1	0	1	1	1	1
5298	0	1	0	1	1	1	1
5298	0	1	0	1	1	1	1
5298	0	1	0	1	1	1	1
5298	0	1	0	1	1	1	1
5298	0	1	0	1	1	1	1
5298	0	1	0	1	1	1	1
5298	0	1	0	1	1	1	1
5298	0	1	0	1	1	1	1
5298	0	1	0	1	1	1	1
5298	0	1	0	1	1	1	1
5298	0	1	0	1	1	1	1
5298	0	1	0	1	1	1	1
5298	0	1	0	1	1	1	1
5298	0	1	0	1	1	1	1
5298	0	1	0	1	1	1	1
5298	0	1	0	1	1	1	1
5298	0	1	0	1	1	1	1
5298	0	1	0	1	1	1	1
5298	0	1	0	1	1	1	1
5298	0	1	0	1	1	1	1
5298	0	1	0	1	1	1	1
5298	0	1	0	1	1	1	1
5298	0	1	0	1	1	1	1
5298	0	1	0	1	1	1	1
5298	0	1	0	1	1	1	1
5298	0	1	0	1	1	1	1
5298	0	1	0	1	1	1	1
5298	0	1	0	1	1	1	1
5298	0	1	0	1	1	1	1
5299	0	1	1	1	1	1	0
5299	0	1	1	1	1	1	0
5299	0	1	1	1	1	1	0
5299	0	1	1	1	1	1	0
5299	0	1	1	1	1	1	0
5299	0	1	1	1	1	1	0
5299	0	1	1	1	1	1	0
5299	0	1	1	1	1	1	0
5299	0	1	1	1	1	1	0
5299	0	1	1	1	1	1	0
5299	0	1	1	1	1	1	0
5299	0	1	1	1	1	1	0
5299	0	1	1	1	1	1	0
5299	0	1	1	1	1	1	0
5299	0	1	1	1	1	1	0
5299	0	1	1	1	1	1	0
5299	0	1	1	1	1	1	0
5299	0	1	1	1	1	1	0
5299	0	1	1	1	1	1	0
5299	0	1	1	1	1	1	0
5299	0	1	1	1	1	1	0
5299	0	1	1	1	1	1	0
5299	0	1	1	1	1	1	0
5299	0	1	1	1	1	1	0
5299	0	1	1	1	1	1	0
5299	0	1	1	1	1	1	0
5299	0	1	1	1	1	1	0
5299	0	1	1	1	1	1	0
5299	0	1	1	1	1	1	0
5299	0	1	1	1	1	1	0
5299	0	1	1	1	1	1	0
5299	0	1	1	1	1	1	0
5299	0	1	1	1	1	1	0
5299	0	1	1	1	1	1	0
5299	0	1	1	1	1	1	0
5299	0	1	1	1	1	1	0
5299	0	1	1	1	1	1	0
5299	0	1	1	1	1	1	0
5299	0	1	1	1	1	1	0
5299	0	1	1	1	1	1	0
5299	0	1	1	1	1	1	0
5299	0	1	1	1	1	1	0
5299	0	1	1	1	1	1	0
5299	0	1	1	1	1	1	0
5299	0	1	1	1	1	1	0
5299	0	1	1	1	1	1	0
5299	0	1	1	1	1	1	0
5299	0	1	1	1	1	1	0
5299	0	1	1	1	1	1	0
5300	0	0	0	0	1	0	0
5300	0	0	0	0	1	0	0
5300	0	0	0	0	1	0	0
5300	0	0	0	0	1	0	0
5300	0	0	0	0	1	0	0
5300	0	0	0	0	1	0	0
5300	0	0	0	0	1	0	0
5300	0	0	0	0	1	0	0
5300	0	0	0	0	1	0	0
5300	0	0	0	0	1	0	0
5300	0	0	0	0	1	0	0
5300	0	0	0	0	1	0	0
5300	0	0	0	0	1	0	0
5300	0	0	0	0	1	0	0
5300	0	0	0	0	1	0	0
5300	0	0	0	0	1	0	0
5300	0	0	0	0	1	0	0
5300	0	0	0	0	1	0	0
5300	0	0	0	0	1	0	0
5300	0	0	0	0	1	0	0
5300	0	0	0	0	1	0	0
5300	0	0	0	0	1	0	0
5300	0	0	0	0	1	0	0
5300	0	0	0	0	1	0	0
5300	0	0	0	0	1	0	0
5300	0	0	0	0	1	0	0
5300	0	0	0	0	1	0	0
5300	0	0	0	0	1	0	0
5300	0	0	0	0	1	0	0
5300	0	0	0	0	1	0	0
5300	0	0	0	0	1	0	0
5300	0	0	0	0	1	0	0
5300	0	0	0	0	1	0	0
5300	0	0	0	0	1	0	0
5300	0	0	0	0	1	0	0
5300	0	0	0	0	1	0	0
5300	0	0	0	0	1	0	0
5300	0	0	0	0	1	0	0
5300	0	0	0	0	1	0	0
5300	0	0	0	0	1	0	0
5300	0	0	0	0	1	0	0
5300	0	0	0	0	1	0	0
5300	0	0	0	0	1	0	0
5300	0	0	0	0	1	0	0
5300	0	0	0	0	1	0	0
5300	0	0	0	0	1	0	0
5300	0	0	0	0	1	0	0
5300	0	0	0	0	1	0	0
5300	0	0	0	0	1	0	0
5301	0	0	0	0	0	1	0
5301	0	0	0	0	0	1	0
5301	0	0	0	0	0	1	0
5301	0	0	0	0	0	1	0
5301	0	0	0	0	0	1	0
5301	0	0	0	0	0	1	0
5301	0	0	0	0	0	1	0
5301	0	0	0	0	0	1	0
5301	0	0	0	0	0	1	0
5301	0	0	0	0	0	1	0
5301	0	0	0	0	0	1	0
5301	0	0	0	0	0	1	0
5301	0	0	0	0	0	1	0
5301	0	0	0	0	0	1	0
5301	0	0	0	0	0	1	0
5301	0	0	0	0	0	1	0
5301	0	0	0	0	0	1	0
5301	0	0	0	0	0	1	0
5301	0	0	0	0	0	1	0
5301	0	0	0	0	0	1	0
5301	0	0	0	0	0	1	0
5301	0	0	0	0	0	1	0
5301	0	0	0	0	0	1	0
5301	0	0	0	0	0	1	0
5301	0	0	0	0	0	1	0
5301	0	0	0	0	0	1	0
5301	0	0	0	0	0	1	0
5301	0	0	0	0	0	1	0
5301	0	0	0	0	0	1	0
5301	0	0	0	0	0	1	0
5301	0	0	0	0	0	1	0
5301	0	0	0	0	0	1	0
5301	0	0	0	0	0	1	0
5301	0	0	0	0	0	1	0
5301	0	0	0	0	0	1	0
5301	0	0	0	0	0	1	0
5301	0	0	0	0	0	1	0
5301	0	0	0	0	0	1	0
5301	0	0	0	0	0	1	0
5301	0	0	0	0	0	1	0
5301	0	0	0	0	0	1	0
5301	0	0	0	0	0	1	0
5301	0	0	0	0	0	1	0
5301	0	0	0	0	0	1	0
5301	0	0	0	0	0	1	0
5301	0	0	0	0	0	1	0
5301	0	0	0	0	0	1	0
5301	0	0	0	0	0	1	0
5301	0	0	0	0	0	1	0
5302	1	1	0	1	1	1	1
5302	1	1	0	1	1	1	1
5302	1	1	0	1	1	1	1
5302	1	1	0	1	1	1	1
5302	1	1	0	1	1	1	1
5302	1	1	0	1	1	1	1
5302	1	1	0	1	1	1	1
5302	1	1	0	1	1	1	1
5302	1	1	0	1	1	1	1
5302	1	1	0	1	1	1	1
5302	1	1	0	1	1	1	1
5302	1	1	0	1	1	1	1
5302	1	1	0	1	1	1	1
5302	1	1	0	1	1	1	1
5302	1	1	0	1	1	1	1
5302	1	1	0	1	1	1	1
5302	1	1	0	1	1	1	1
5302	1	1	0	1	1	1	1
5302	1	1	0	1	1	1	1
5302	1	1	0	1	1	1	1
5302	1	1	0	1	1	1	1
5302	1	1	0	1	1	1	1
5302	1	1	0	1	1	1	1
5302	1	1	0	1	1	1	1
5302	1	1	0	1	1	1	1
5302	1	1	0	1	1	1	1
5302	1	1	0	1	1	1	1
5302	1	1	0	1	1	1	1
5302	1	1	0	1	1	1	1
5302	1	1	0	1	1	1	1
5302	1	1	0	1	1	1	1
5302	1	1	0	1	1	1	1
5302	1	1	0	1	1	1	1
5302	1	1	0	1	1	1	1
5302	1	1	0	1	1	1	1
5302	1	1	0	1	1	1	1
5302	1	1	0	1	1	1	1
5302	1	1	0	1	1	1	1
5302	1	1	0	1	1	1	1
5302	1	1	0	1	1	1	1
5302	1	1	0	1	1	1	1
5302	1	1	0	1	1	1	1
5302	1	1	0	1	1	1	1
5302	1	1	0	1	1	1	1
5302	1	1	0	1	1	1	1
5302	1	1	0	1	1	1	1
5302	1	1	0	1	1	1	1
5302	1	1	0	1	1	1	1
5302	1	1	0	1	1	1	1
5303	1	1	1	1	1	1	1
5303	1	1	1	1	1	1	1
5303	1	1	1	1	1	1	1
5303	1	1	1	1	1	1	1
5303	1	1	1	1	1	1	1
5303	1	1	1	1	1	1	1
5303	1	1	1	1	1	1	1
5303	1	1	1	1	1	1	1
5303	1	1	1	1	1	1	1
5303	1	1	1	1	1	1	1
5303	1	1	1	1	1	1	1
5303	1	1	1	1	1	1	1
5303	1	1	1	1	1	1	1
5303	1	1	1	1	1	1	1
5303	1	1	1	1	1	1	1
5303	1	1	1	1	1	1	1
5303	1	1	1	1	1	1	1
5303	1	1	1	1	1	1	1
5303	1	1	1	1	1	1	1
5303	1	1	1	1	1	1	1
5303	1	1	1	1	1	1	1
5303	1	1	1	1	1	1	1
5303	1	1	1	1	1	1	1
5303	1	1	1	1	1	1	1
5303	1	1	1	1	1	1	1
5303	1	1	1	1	1	1	1
5303	1	1	1	1	1	1	1
5303	1	1	1	1	1	1	1
5303	1	1	1	1	1	1	1
5303	1	1	1	1	1	1	1
5303	1	1	1	1	1	1	1
5303	1	1	1	1	1	1	1
5303	1	1	1	1	1	1	1
5303	1	1	1	1	1	1	1
5303	1	1	1	1	1	1	1
5303	1	1	1	1	1	1	1
5303	1	1	1	1	1	1	1
5303	1	1	1	1	1	1	1
5303	1	1	1	1	1	1	1
5303	1	1	1	1	1	1	1
5303	1	1	1	1	1	1	1
5303	1	1	1	1	1	1	1
5303	1	1	1	1	1	1	1
5303	1	1	1	1	1	1	1
5303	1	1	1	1	1	1	1
5303	1	1	1	1	1	1	1
5303	1	1	1	1	1	1	1
5303	1	1	1	1	1	1	1
5303	1	1	1	1	1	1	1
5304	0	1	1	0	0	1	1
5304	0	1	1	0	0	1	1
5304	0	1	1	0	0	1	1
5304	0	1	1	0	0	1	1
5304	0	1	1	0	0	1	1
5304	0	1	1	0	0	1	1
5304	0	1	1	0	0	1	1
5304	0	1	1	0	0	1	1
5304	0	1	1	0	0	1	1
5304	0	1	1	0	0	1	1
5304	0	1	1	0	0	1	1
5304	0	1	1	0	0	1	1
5304	0	1	1	0	0	1	1
5304	0	1	1	0	0	1	1
5304	0	1	1	0	0	1	1
5304	0	1	1	0	0	1	1
5304	0	1	1	0	0	1	1
5304	0	1	1	0	0	1	1
5304	0	1	1	0	0	1	1
5304	0	1	1	0	0	1	1
5304	0	1	1	0	0	1	1
5304	0	1	1	0	0	1	1
5304	0	1	1	0	0	1	1
5304	0	1	1	0	0	1	1
5304	0	1	1	0	0	1	1
5304	0	1	1	0	0	1	1
5304	0	1	1	0	0	1	1
5304	0	1	1	0	0	1	1
5304	0	1	1	0	0	1	1
5304	0	1	1	0	0	1	1
5304	0	1	1	0	0	1	1
5304	0	1	1	0	0	1	1
5304	0	1	1	0	0	1	1
5304	0	1	1	0	0	1	1
5304	0	1	1	0	0	1	1
5304	0	1	1	0	0	1	1
5304	0	1	1	0	0	1	1
5304	0	1	1	0	0	1	1
5304	0	1	1	0	0	1	1
5304	0	1	1	0	0	1	1
5304	0	1	1	0	0	1	1
5304	0	1	1	0	0	1	1
5304	0	1	1	0	0	1	1
5304	0	1	1	0	0	1	1
5304	0	1	1	0	0	1	1
5304	0	1	1	0	0	1	1
5304	0	1	1	0	0	1	1
5304	0	1	1	0	0	1	1
5304	0	1	1	0	0	1	1
5305	0	1	1	0	0	1	1
5305	0	1	1	0	0	1	1
5305	0	1	1	0	0	1	1
5305	0	1	1	0	0	1	1
5305	0	1	1	0	0	1	1
5305	0	1	1	0	0	1	1
5305	0	1	1	0	0	1	1
5305	0	1	1	0	0	1	1
5305	0	1	1	0	0	1	1
5305	0	1	1	0	0	1	1
5305	0	1	1	0	0	1	1
5305	0	1	1	0	0	1	1
5305	0	1	1	0	0	1	1
5305	0	1	1	0	0	1	1
5305	0	1	1	0	0	1	1
5305	0	1	1	0	0	1	1
5305	0	1	1	0	0	1	1
5305	0	1	1	0	0	1	1
5305	0	1	1	0	0	1	1
5305	0	1	1	0	0	1	1
5305	0	1	1	0	0	1	1
5305	0	1	1	0	0	1	1
5305	0	1	1	0	0	1	1
5305	0	1	1	0	0	1	1
5305	0	1	1	0	0	1	1
5305	0	1	1	0	0	1	1
5305	0	1	1	0	0	1	1
5305	0	1	1	0	0	1	1
5305	0	1	1	0	0	1	1
5305	0	1	1	0	0	1	1
5305	0	1	1	0	0	1	1
5305	0	1	1	0	0	1	1
5305	0	1	1	0	0	1	1
5305	0	1	1	0	0	1	1
5305	0	1	1	0	0	1	1
5305	0	1	1	0	0	1	1
5305	0	1	1	0	0	1	1
5305	0	1	1	0	0	1	1
5305	0	1	1	0	0	1	1
5305	0	1	1	0	0	1	1
5305	0	1	1	0	0	1	1
5305	0	1	1	0	0	1	1
5305	0	1	1	0	0	1	1
5305	0	1	1	0	0	1	1
5305	0	1	1	0	0	1	1
5305	0	1	1	0	0	1	1
5305	0	1	1	0	0	1	1
5305	0	1	1	0	0	1	1
5305	0	1	1	0	0	1	1
5306	1	0	0	1	1	1	1
5306	1	0	0	1	1	1	1
5306	1	0	0	1	1	1	1
5306	1	0	0	1	1	1	1
5306	1	0	0	1	1	1	1
5306	1	0	0	1	1	1	1
5306	1	0	0	1	1	1	1
5306	1	0	0	1	1	1	1
5306	1	0	0	1	1	1	1
5306	1	0	0	1	1	1	1
5306	1	0	0	1	1	1	1
5306	1	0	0	1	1	1	1
5306	1	0	0	1	1	1	1
5306	1	0	0	1	1	1	1
5306	1	0	0	1	1	1	1
5306	1	0	0	1	1	1	1
5306	1	0	0	1	1	1	1
5306	1	0	0	1	1	1	1
5306	1	0	0	1	1	1	1
5306	1	0	0	1	1	1	1
5306	1	0	0	1	1	1	1
5306	1	0	0	1	1	1	1
5306	1	0	0	1	1	1	1
5306	1	0	0	1	1	1	1
5306	1	0	0	1	1	1	1
5306	1	0	0	1	1	1	1
5306	1	0	0	1	1	1	1
5306	1	0	0	1	1	1	1
5306	1	0	0	1	1	1	1
5306	1	0	0	1	1	1	1
5306	1	0	0	1	1	1	1
5306	1	0	0	1	1	1	1
5306	1	0	0	1	1	1	1
5306	1	0	0	1	1	1	1
5306	1	0	0	1	1	1	1
5306	1	0	0	1	1	1	1
5306	1	0	0	1	1	1	1
5306	1	0	0	1	1	1	1
5306	1	0	0	1	1	1	1
5306	1	0	0	1	1	1	1
5306	1	0	0	1	1	1	1
5306	1	0	0	1	1	1	1
5306	1	0	0	1	1	1	1
5306	1	0	0	1	1	1	1
5306	1	0	0	1	1	1	1
5306	1	0	0	1	1	1	1
5306	1	0	0	1	1	1	1
5306	1	0	0	1	1	1	1
5306	1	0	0	1	1	1	1
5307	0	1	0	1	1	0	0
5307	0	1	0	1	1	0	0
5307	0	1	0	1	1	0	0
5307	0	1	0	1	1	0	0
5307	0	1	0	1	1	0	0
5307	0	1	0	1	1	0	0
5307	0	1	0	1	1	0	0
5307	0	1	0	1	1	0	0
5307	0	1	0	1	1	0	0
5307	0	1	0	1	1	0	0
5307	0	1	0	1	1	0	0
5307	0	1	0	1	1	0	0
5307	0	1	0	1	1	0	0
5307	0	1	0	1	1	0	0
5307	0	1	0	1	1	0	0
5307	0	1	0	1	1	0	0
5307	0	1	0	1	1	0	0
5307	0	1	0	1	1	0	0
5307	0	1	0	1	1	0	0
5307	0	1	0	1	1	0	0
5307	0	1	0	1	1	0	0
5307	0	1	0	1	1	0	0
5307	0	1	0	1	1	0	0
5307	0	1	0	1	1	0	0
5307	0	1	0	1	1	0	0
5307	0	1	0	1	1	0	0
5307	0	1	0	1	1	0	0
5307	0	1	0	1	1	0	0
5307	0	1	0	1	1	0	0
5307	0	1	0	1	1	0	0
5307	0	1	0	1	1	0	0
5307	0	1	0	1	1	0	0
5307	0	1	0	1	1	0	0
5307	0	1	0	1	1	0	0
5307	0	1	0	1	1	0	0
5307	0	1	0	1	1	0	0
5307	0	1	0	1	1	0	0
5307	0	1	0	1	1	0	0
5307	0	1	0	1	1	0	0
5307	0	1	0	1	1	0	0
5307	0	1	0	1	1	0	0
5307	0	1	0	1	1	0	0
5307	0	1	0	1	1	0	0
5307	0	1	0	1	1	0	0
5307	0	1	0	1	1	0	0
5307	0	1	0	1	1	0	0
5307	0	1	0	1	1	0	0
5307	0	1	0	1	1	0	0
5307	0	1	0	1	1	0	0
5308	0	1	0	1	1	1	1
5308	0	1	0	1	1	1	1
5308	0	1	0	1	1	1	1
5308	0	1	0	1	1	1	1
5308	0	1	0	1	1	1	1
5308	0	1	0	1	1	1	1
5308	0	1	0	1	1	1	1
5308	0	1	0	1	1	1	1
5308	0	1	0	1	1	1	1
5308	0	1	0	1	1	1	1
5308	0	1	0	1	1	1	1
5308	0	1	0	1	1	1	1
5308	0	1	0	1	1	1	1
5308	0	1	0	1	1	1	1
5308	0	1	0	1	1	1	1
5308	0	1	0	1	1	1	1
5308	0	1	0	1	1	1	1
5308	0	1	0	1	1	1	1
5308	0	1	0	1	1	1	1
5308	0	1	0	1	1	1	1
5308	0	1	0	1	1	1	1
5308	0	1	0	1	1	1	1
5308	0	1	0	1	1	1	1
5308	0	1	0	1	1	1	1
5308	0	1	0	1	1	1	1
5308	0	1	0	1	1	1	1
5308	0	1	0	1	1	1	1
5308	0	1	0	1	1	1	1
5308	0	1	0	1	1	1	1
5308	0	1	0	1	1	1	1
5308	0	1	0	1	1	1	1
5308	0	1	0	1	1	1	1
5308	0	1	0	1	1	1	1
5308	0	1	0	1	1	1	1
5308	0	1	0	1	1	1	1
5308	0	1	0	1	1	1	1
5308	0	1	0	1	1	1	1
5308	0	1	0	1	1	1	1
5308	0	1	0	1	1	1	1
5308	0	1	0	1	1	1	1
5308	0	1	0	1	1	1	1
5308	0	1	0	1	1	1	1
5308	0	1	0	1	1	1	1
5308	0	1	0	1	1	1	1
5308	0	1	0	1	1	1	1
5308	0	1	0	1	1	1	1
5308	0	1	0	1	1	1	1
5308	0	1	0	1	1	1	1
5308	0	1	0	1	1	1	1
5309	1	0	1	0	1	0	1
5309	1	0	1	0	1	0	1
5309	1	0	1	0	1	0	1
5309	1	0	1	0	1	0	1
5309	1	0	1	0	1	0	1
5309	1	0	1	0	1	0	1
5309	1	0	1	0	1	0	1
5309	1	0	1	0	1	0	1
5309	1	0	1	0	1	0	1
5309	1	0	1	0	1	0	1
5309	1	0	1	0	1	0	1
5309	1	0	1	0	1	0	1
5309	1	0	1	0	1	0	1
5309	1	0	1	0	1	0	1
5309	1	0	1	0	1	0	1
5309	1	0	1	0	1	0	1
5309	1	0	1	0	1	0	1
5309	1	0	1	0	1	0	1
5309	1	0	1	0	1	0	1
5309	1	0	1	0	1	0	1
5309	1	0	1	0	1	0	1
5309	1	0	1	0	1	0	1
5309	1	0	1	0	1	0	1
5309	1	0	1	0	1	0	1
5309	1	0	1	0	1	0	1
5309	1	0	1	0	1	0	1
5309	1	0	1	0	1	0	1
5309	1	0	1	0	1	0	1
5309	1	0	1	0	1	0	1
5309	1	0	1	0	1	0	1
5309	1	0	1	0	1	0	1
5309	1	0	1	0	1	0	1
5309	1	0	1	0	1	0	1
5309	1	0	1	0	1	0	1
5309	1	0	1	0	1	0	1
5309	1	0	1	0	1	0	1
5309	1	0	1	0	1	0	1
5309	1	0	1	0	1	0	1
5309	1	0	1	0	1	0	1
5309	1	0	1	0	1	0	1
5309	1	0	1	0	1	0	1
5309	1	0	1	0	1	0	1
5309	1	0	1	0	1	0	1
5309	1	0	1	0	1	0	1
5309	1	0	1	0	1	0	1
5309	1	0	1	0	1	0	1
5309	1	0	1	0	1	0	1
5309	1	0	1	0	1	0	1
5309	1	0	1	0	1	0	1
5310	1	1	0	1	1	1	0
5310	1	1	0	1	1	1	0
5310	1	1	0	1	1	1	0
5310	1	1	0	1	1	1	0
5310	1	1	0	1	1	1	0
5310	1	1	0	1	1	1	0
5310	1	1	0	1	1	1	0
5310	1	1	0	1	1	1	0
5310	1	1	0	1	1	1	0
5310	1	1	0	1	1	1	0
5310	1	1	0	1	1	1	0
5310	1	1	0	1	1	1	0
5310	1	1	0	1	1	1	0
5310	1	1	0	1	1	1	0
5310	1	1	0	1	1	1	0
5310	1	1	0	1	1	1	0
5310	1	1	0	1	1	1	0
5310	1	1	0	1	1	1	0
5310	1	1	0	1	1	1	0
5310	1	1	0	1	1	1	0
5310	1	1	0	1	1	1	0
5310	1	1	0	1	1	1	0
5310	1	1	0	1	1	1	0
5310	1	1	0	1	1	1	0
5310	1	1	0	1	1	1	0
5310	1	1	0	1	1	1	0
5310	1	1	0	1	1	1	0
5310	1	1	0	1	1	1	0
5310	1	1	0	1	1	1	0
5310	1	1	0	1	1	1	0
5310	1	1	0	1	1	1	0
5310	1	1	0	1	1	1	0
5310	1	1	0	1	1	1	0
5310	1	1	0	1	1	1	0
5310	1	1	0	1	1	1	0
5310	1	1	0	1	1	1	0
5310	1	1	0	1	1	1	0
5310	1	1	0	1	1	1	0
5310	1	1	0	1	1	1	0
5310	1	1	0	1	1	1	0
5310	1	1	0	1	1	1	0
5310	1	1	0	1	1	1	0
5310	1	1	0	1	1	1	0
5310	1	1	0	1	1	1	0
5310	1	1	0	1	1	1	0
5310	1	1	0	1	1	1	0
5310	1	1	0	1	1	1	0
5310	1	1	0	1	1	1	0
5310	1	1	0	1	1	1	0
5311	1	1	1	1	0	0	0
5311	1	1	1	1	0	0	0
5311	1	1	1	1	0	0	0
5311	1	1	1	1	0	0	0
5311	1	1	1	1	0	0	0
5311	1	1	1	1	0	0	0
5311	1	1	1	1	0	0	0
5311	1	1	1	1	0	0	0
5311	1	1	1	1	0	0	0
5311	1	1	1	1	0	0	0
5311	1	1	1	1	0	0	0
5311	1	1	1	1	0	0	0
5311	1	1	1	1	0	0	0
5311	1	1	1	1	0	0	0
5311	1	1	1	1	0	0	0
5311	1	1	1	1	0	0	0
5311	1	1	1	1	0	0	0
5311	1	1	1	1	0	0	0
5311	1	1	1	1	0	0	0
5311	1	1	1	1	0	0	0
5311	1	1	1	1	0	0	0
5311	1	1	1	1	0	0	0
5311	1	1	1	1	0	0	0
5311	1	1	1	1	0	0	0
5311	1	1	1	1	0	0	0
5311	1	1	1	1	0	0	0
5311	1	1	1	1	0	0	0
5311	1	1	1	1	0	0	0
5311	1	1	1	1	0	0	0
5311	1	1	1	1	0	0	0
5311	1	1	1	1	0	0	0
5311	1	1	1	1	0	0	0
5311	1	1	1	1	0	0	0
5311	1	1	1	1	0	0	0
5311	1	1	1	1	0	0	0
5311	1	1	1	1	0	0	0
5311	1	1	1	1	0	0	0
5311	1	1	1	1	0	0	0
5311	1	1	1	1	0	0	0
5311	1	1	1	1	0	0	0
5311	1	1	1	1	0	0	0
5311	1	1	1	1	0	0	0
5311	1	1	1	1	0	0	0
5311	1	1	1	1	0	0	0
5311	1	1	1	1	0	0	0
5311	1	1	1	1	0	0	0
5311	1	1	1	1	0	0	0
5311	1	1	1	1	0	0	0
5311	1	1	1	1	0	0	0
5312	0	0	1	0	1	0	0
5312	0	0	1	0	1	0	0
5312	0	0	1	0	1	0	0
5312	0	0	1	0	1	0	0
5312	0	0	1	0	1	0	0
5312	0	0	1	0	1	0	0
5312	0	0	1	0	1	0	0
5312	0	0	1	0	1	0	0
5312	0	0	1	0	1	0	0
5312	0	0	1	0	1	0	0
5312	0	0	1	0	1	0	0
5312	0	0	1	0	1	0	0
5312	0	0	1	0	1	0	0
5312	0	0	1	0	1	0	0
5312	0	0	1	0	1	0	0
5312	0	0	1	0	1	0	0
5312	0	0	1	0	1	0	0
5312	0	0	1	0	1	0	0
5312	0	0	1	0	1	0	0
5312	0	0	1	0	1	0	0
5312	0	0	1	0	1	0	0
5312	0	0	1	0	1	0	0
5312	0	0	1	0	1	0	0
5312	0	0	1	0	1	0	0
5312	0	0	1	0	1	0	0
5312	0	0	1	0	1	0	0
5312	0	0	1	0	1	0	0
5312	0	0	1	0	1	0	0
5312	0	0	1	0	1	0	0
5312	0	0	1	0	1	0	0
5312	0	0	1	0	1	0	0
5312	0	0	1	0	1	0	0
5312	0	0	1	0	1	0	0
5312	0	0	1	0	1	0	0
5312	0	0	1	0	1	0	0
5312	0	0	1	0	1	0	0
5312	0	0	1	0	1	0	0
5312	0	0	1	0	1	0	0
5312	0	0	1	0	1	0	0
5312	0	0	1	0	1	0	0
5312	0	0	1	0	1	0	0
5312	0	0	1	0	1	0	0
5312	0	0	1	0	1	0	0
5312	0	0	1	0	1	0	0
5312	0	0	1	0	1	0	0
5312	0	0	1	0	1	0	0
5312	0	0	1	0	1	0	0
5312	0	0	1	0	1	0	0
5312	0	0	1	0	1	0	0
5313	0	0	1	1	0	1	0
5313	0	0	1	1	0	1	0
5313	0	0	1	1	0	1	0
5313	0	0	1	1	0	1	0
5313	0	0	1	1	0	1	0
5313	0	0	1	1	0	1	0
5313	0	0	1	1	0	1	0
5313	0	0	1	1	0	1	0
5313	0	0	1	1	0	1	0
5313	0	0	1	1	0	1	0
5313	0	0	1	1	0	1	0
5313	0	0	1	1	0	1	0
5313	0	0	1	1	0	1	0
5313	0	0	1	1	0	1	0
5313	0	0	1	1	0	1	0
5313	0	0	1	1	0	1	0
5313	0	0	1	1	0	1	0
5313	0	0	1	1	0	1	0
5313	0	0	1	1	0	1	0
5313	0	0	1	1	0	1	0
5313	0	0	1	1	0	1	0
5313	0	0	1	1	0	1	0
5313	0	0	1	1	0	1	0
5313	0	0	1	1	0	1	0
5313	0	0	1	1	0	1	0
5313	0	0	1	1	0	1	0
5313	0	0	1	1	0	1	0
5313	0	0	1	1	0	1	0
5313	0	0	1	1	0	1	0
5313	0	0	1	1	0	1	0
5313	0	0	1	1	0	1	0
5313	0	0	1	1	0	1	0
5313	0	0	1	1	0	1	0
5313	0	0	1	1	0	1	0
5313	0	0	1	1	0	1	0
5313	0	0	1	1	0	1	0
5313	0	0	1	1	0	1	0
5313	0	0	1	1	0	1	0
5313	0	0	1	1	0	1	0
5313	0	0	1	1	0	1	0
5313	0	0	1	1	0	1	0
5313	0	0	1	1	0	1	0
5313	0	0	1	1	0	1	0
5313	0	0	1	1	0	1	0
5313	0	0	1	1	0	1	0
5313	0	0	1	1	0	1	0
5313	0	0	1	1	0	1	0
5313	0	0	1	1	0	1	0
5313	0	0	1	1	0	1	0
5314	1	0	0	0	0	0	1
5314	1	0	0	0	0	0	1
5314	1	0	0	0	0	0	1
5314	1	0	0	0	0	0	1
5314	1	0	0	0	0	0	1
5314	1	0	0	0	0	0	1
5314	1	0	0	0	0	0	1
5314	1	0	0	0	0	0	1
5314	1	0	0	0	0	0	1
5314	1	0	0	0	0	0	1
5314	1	0	0	0	0	0	1
5314	1	0	0	0	0	0	1
5314	1	0	0	0	0	0	1
5314	1	0	0	0	0	0	1
5314	1	0	0	0	0	0	1
5314	1	0	0	0	0	0	1
5314	1	0	0	0	0	0	1
5314	1	0	0	0	0	0	1
5314	1	0	0	0	0	0	1
5314	1	0	0	0	0	0	1
5314	1	0	0	0	0	0	1
5314	1	0	0	0	0	0	1
5314	1	0	0	0	0	0	1
5314	1	0	0	0	0	0	1
5314	1	0	0	0	0	0	1
5314	1	0	0	0	0	0	1
5314	1	0	0	0	0	0	1
5314	1	0	0	0	0	0	1
5314	1	0	0	0	0	0	1
5314	1	0	0	0	0	0	1
5314	1	0	0	0	0	0	1
5314	1	0	0	0	0	0	1
5314	1	0	0	0	0	0	1
5314	1	0	0	0	0	0	1
5314	1	0	0	0	0	0	1
5314	1	0	0	0	0	0	1
5314	1	0	0	0	0	0	1
5314	1	0	0	0	0	0	1
5314	1	0	0	0	0	0	1
5314	1	0	0	0	0	0	1
5314	1	0	0	0	0	0	1
5314	1	0	0	0	0	0	1
5314	1	0	0	0	0	0	1
5314	1	0	0	0	0	0	1
5314	1	0	0	0	0	0	1
5314	1	0	0	0	0	0	1
5314	1	0	0	0	0	0	1
5314	1	0	0	0	0	0	1
5314	1	0	0	0	0	0	1
5315	0	1	1	0	0	0	0
5315	0	1	1	0	0	0	0
5315	0	1	1	0	0	0	0
5315	0	1	1	0	0	0	0
5315	0	1	1	0	0	0	0
5315	0	1	1	0	0	0	0
5315	0	1	1	0	0	0	0
5315	0	1	1	0	0	0	0
5315	0	1	1	0	0	0	0
5315	0	1	1	0	0	0	0
5315	0	1	1	0	0	0	0
5315	0	1	1	0	0	0	0
5315	0	1	1	0	0	0	0
5315	0	1	1	0	0	0	0
5315	0	1	1	0	0	0	0
5315	0	1	1	0	0	0	0
5315	0	1	1	0	0	0	0
5315	0	1	1	0	0	0	0
5315	0	1	1	0	0	0	0
5315	0	1	1	0	0	0	0
5315	0	1	1	0	0	0	0
5315	0	1	1	0	0	0	0
5315	0	1	1	0	0	0	0
5315	0	1	1	0	0	0	0
5315	0	1	1	0	0	0	0
5315	0	1	1	0	0	0	0
5315	0	1	1	0	0	0	0
5315	0	1	1	0	0	0	0
5315	0	1	1	0	0	0	0
5315	0	1	1	0	0	0	0
5315	0	1	1	0	0	0	0
5315	0	1	1	0	0	0	0
5315	0	1	1	0	0	0	0
5315	0	1	1	0	0	0	0
5315	0	1	1	0	0	0	0
5315	0	1	1	0	0	0	0
5315	0	1	1	0	0	0	0
5315	0	1	1	0	0	0	0
5315	0	1	1	0	0	0	0
5315	0	1	1	0	0	0	0
5315	0	1	1	0	0	0	0
5315	0	1	1	0	0	0	0
5315	0	1	1	0	0	0	0
5315	0	1	1	0	0	0	0
5315	0	1	1	0	0	0	0
5315	0	1	1	0	0	0	0
5315	0	1	1	0	0	0	0
5315	0	1	1	0	0	0	0
5315	0	1	1	0	0	0	0
5316	1	0	0	1	0	0	1
5316	1	0	0	1	0	0	1
5316	1	0	0	1	0	0	1
5316	1	0	0	1	0	0	1
5316	1	0	0	1	0	0	1
5316	1	0	0	1	0	0	1
5316	1	0	0	1	0	0	1
5316	1	0	0	1	0	0	1
5316	1	0	0	1	0	0	1
5316	1	0	0	1	0	0	1
5316	1	0	0	1	0	0	1
5316	1	0	0	1	0	0	1
5316	1	0	0	1	0	0	1
5316	1	0	0	1	0	0	1
5316	1	0	0	1	0	0	1
5316	1	0	0	1	0	0	1
5316	1	0	0	1	0	0	1
5316	1	0	0	1	0	0	1
5316	1	0	0	1	0	0	1
5316	1	0	0	1	0	0	1
5316	1	0	0	1	0	0	1
5316	1	0	0	1	0	0	1
5316	1	0	0	1	0	0	1
5316	1	0	0	1	0	0	1
5316	1	0	0	1	0	0	1
5316	1	0	0	1	0	0	1
5316	1	0	0	1	0	0	1
5316	1	0	0	1	0	0	1
5316	1	0	0	1	0	0	1
5316	1	0	0	1	0	0	1
5316	1	0	0	1	0	0	1
5316	1	0	0	1	0	0	1
5316	1	0	0	1	0	0	1
5316	1	0	0	1	0	0	1
5316	1	0	0	1	0	0	1
5316	1	0	0	1	0	0	1
5316	1	0	0	1	0	0	1
5316	1	0	0	1	0	0	1
5316	1	0	0	1	0	0	1
5316	1	0	0	1	0	0	1
5316	1	0	0	1	0	0	1
5316	1	0	0	1	0	0	1
5316	1	0	0	1	0	0	1
5316	1	0	0	1	0	0	1
5316	1	0	0	1	0	0	1
5316	1	0	0	1	0	0	1
5316	1	0	0	1	0	0	1
5316	1	0	0	1	0	0	1
5316	1	0	0	1	0	0	1
5317	1	0	0	1	1	0	1
5317	1	0	0	1	1	0	1
5317	1	0	0	1	1	0	1
5317	1	0	0	1	1	0	1
5317	1	0	0	1	1	0	1
5317	1	0	0	1	1	0	1
5317	1	0	0	1	1	0	1
5317	1	0	0	1	1	0	1
5317	1	0	0	1	1	0	1
5317	1	0	0	1	1	0	1
5317	1	0	0	1	1	0	1
5317	1	0	0	1	1	0	1
5317	1	0	0	1	1	0	1
5317	1	0	0	1	1	0	1
5317	1	0	0	1	1	0	1
5317	1	0	0	1	1	0	1
5317	1	0	0	1	1	0	1
5317	1	0	0	1	1	0	1
5317	1	0	0	1	1	0	1
5317	1	0	0	1	1	0	1
5317	1	0	0	1	1	0	1
5317	1	0	0	1	1	0	1
5317	1	0	0	1	1	0	1
5317	1	0	0	1	1	0	1
5317	1	0	0	1	1	0	1
5317	1	0	0	1	1	0	1
5317	1	0	0	1	1	0	1
5317	1	0	0	1	1	0	1
5317	1	0	0	1	1	0	1
5317	1	0	0	1	1	0	1
5317	1	0	0	1	1	0	1
5317	1	0	0	1	1	0	1
5317	1	0	0	1	1	0	1
5317	1	0	0	1	1	0	1
5317	1	0	0	1	1	0	1
5317	1	0	0	1	1	0	1
5317	1	0	0	1	1	0	1
5317	1	0	0	1	1	0	1
5317	1	0	0	1	1	0	1
5317	1	0	0	1	1	0	1
5317	1	0	0	1	1	0	1
5317	1	0	0	1	1	0	1
5317	1	0	0	1	1	0	1
5317	1	0	0	1	1	0	1
5317	1	0	0	1	1	0	1
5317	1	0	0	1	1	0	1
5317	1	0	0	1	1	0	1
5317	1	0	0	1	1	0	1
5317	1	0	0	1	1	0	1
5318	0	0	1	1	1	1	0
5318	0	0	1	1	1	1	0
5318	0	0	1	1	1	1	0
5318	0	0	1	1	1	1	0
5318	0	0	1	1	1	1	0
5318	0	0	1	1	1	1	0
5318	0	0	1	1	1	1	0
5318	0	0	1	1	1	1	0
5318	0	0	1	1	1	1	0
5318	0	0	1	1	1	1	0
5318	0	0	1	1	1	1	0
5318	0	0	1	1	1	1	0
5318	0	0	1	1	1	1	0
5318	0	0	1	1	1	1	0
5318	0	0	1	1	1	1	0
5318	0	0	1	1	1	1	0
5318	0	0	1	1	1	1	0
5318	0	0	1	1	1	1	0
5318	0	0	1	1	1	1	0
5318	0	0	1	1	1	1	0
5318	0	0	1	1	1	1	0
5318	0	0	1	1	1	1	0
5318	0	0	1	1	1	1	0
5318	0	0	1	1	1	1	0
5318	0	0	1	1	1	1	0
5318	0	0	1	1	1	1	0
5318	0	0	1	1	1	1	0
5318	0	0	1	1	1	1	0
5318	0	0	1	1	1	1	0
5318	0	0	1	1	1	1	0
5318	0	0	1	1	1	1	0
5318	0	0	1	1	1	1	0
5318	0	0	1	1	1	1	0
5318	0	0	1	1	1	1	0
5318	0	0	1	1	1	1	0
5318	0	0	1	1	1	1	0
5318	0	0	1	1	1	1	0
5318	0	0	1	1	1	1	0
5318	0	0	1	1	1	1	0
5318	0	0	1	1	1	1	0
5318	0	0	1	1	1	1	0
5318	0	0	1	1	1	1	0
5318	0	0	1	1	1	1	0
5318	0	0	1	1	1	1	0
5318	0	0	1	1	1	1	0
5318	0	0	1	1	1	1	0
5318	0	0	1	1	1	1	0
5318	0	0	1	1	1	1	0
5318	0	0	1	1	1	1	0
5319	1	0	1	1	0	1	1
5319	1	0	1	1	0	1	1
5319	1	0	1	1	0	1	1
5319	1	0	1	1	0	1	1
5319	1	0	1	1	0	1	1
5319	1	0	1	1	0	1	1
5319	1	0	1	1	0	1	1
5319	1	0	1	1	0	1	1
5319	1	0	1	1	0	1	1
5319	1	0	1	1	0	1	1
5319	1	0	1	1	0	1	1
5319	1	0	1	1	0	1	1
5319	1	0	1	1	0	1	1
5319	1	0	1	1	0	1	1
5319	1	0	1	1	0	1	1
5319	1	0	1	1	0	1	1
5319	1	0	1	1	0	1	1
5319	1	0	1	1	0	1	1
5319	1	0	1	1	0	1	1
5319	1	0	1	1	0	1	1
5319	1	0	1	1	0	1	1
5319	1	0	1	1	0	1	1
5319	1	0	1	1	0	1	1
5319	1	0	1	1	0	1	1
5319	1	0	1	1	0	1	1
5319	1	0	1	1	0	1	1
5319	1	0	1	1	0	1	1
5319	1	0	1	1	0	1	1
5319	1	0	1	1	0	1	1
5319	1	0	1	1	0	1	1
5319	1	0	1	1	0	1	1
5319	1	0	1	1	0	1	1
5319	1	0	1	1	0	1	1
5319	1	0	1	1	0	1	1
5319	1	0	1	1	0	1	1
5319	1	0	1	1	0	1	1
5319	1	0	1	1	0	1	1
5319	1	0	1	1	0	1	1
5319	1	0	1	1	0	1	1
5319	1	0	1	1	0	1	1
5319	1	0	1	1	0	1	1
5319	1	0	1	1	0	1	1
5319	1	0	1	1	0	1	1
5319	1	0	1	1	0	1	1
5319	1	0	1	1	0	1	1
5319	1	0	1	1	0	1	1
5319	1	0	1	1	0	1	1
5319	1	0	1	1	0	1	1
5319	1	0	1	1	0	1	1
5320	0	0	1	0	1	1	1
5320	0	0	1	0	1	1	1
5320	0	0	1	0	1	1	1
5320	0	0	1	0	1	1	1
5320	0	0	1	0	1	1	1
5320	0	0	1	0	1	1	1
5320	0	0	1	0	1	1	1
5320	0	0	1	0	1	1	1
5320	0	0	1	0	1	1	1
5320	0	0	1	0	1	1	1
5320	0	0	1	0	1	1	1
5320	0	0	1	0	1	1	1
5320	0	0	1	0	1	1	1
5320	0	0	1	0	1	1	1
5320	0	0	1	0	1	1	1
5320	0	0	1	0	1	1	1
5320	0	0	1	0	1	1	1
5320	0	0	1	0	1	1	1
5320	0	0	1	0	1	1	1
5320	0	0	1	0	1	1	1
5320	0	0	1	0	1	1	1
5320	0	0	1	0	1	1	1
5320	0	0	1	0	1	1	1
5320	0	0	1	0	1	1	1
5320	0	0	1	0	1	1	1
5320	0	0	1	0	1	1	1
5320	0	0	1	0	1	1	1
5320	0	0	1	0	1	1	1
5320	0	0	1	0	1	1	1
5320	0	0	1	0	1	1	1
5320	0	0	1	0	1	1	1
5320	0	0	1	0	1	1	1
5320	0	0	1	0	1	1	1
5320	0	0	1	0	1	1	1
5320	0	0	1	0	1	1	1
5320	0	0	1	0	1	1	1
5320	0	0	1	0	1	1	1
5320	0	0	1	0	1	1	1
5320	0	0	1	0	1	1	1
5320	0	0	1	0	1	1	1
5320	0	0	1	0	1	1	1
5320	0	0	1	0	1	1	1
5320	0	0	1	0	1	1	1
5320	0	0	1	0	1	1	1
5320	0	0	1	0	1	1	1
5320	0	0	1	0	1	1	1
5320	0	0	1	0	1	1	1
5320	0	0	1	0	1	1	1
5320	0	0	1	0	1	1	1
5321	0	1	0	1	0	1	1
5321	0	1	0	1	0	1	1
5321	0	1	0	1	0	1	1
5321	0	1	0	1	0	1	1
5321	0	1	0	1	0	1	1
5321	0	1	0	1	0	1	1
5321	0	1	0	1	0	1	1
5321	0	1	0	1	0	1	1
5321	0	1	0	1	0	1	1
5321	0	1	0	1	0	1	1
5321	0	1	0	1	0	1	1
5321	0	1	0	1	0	1	1
5321	0	1	0	1	0	1	1
5321	0	1	0	1	0	1	1
5321	0	1	0	1	0	1	1
5321	0	1	0	1	0	1	1
5321	0	1	0	1	0	1	1
5321	0	1	0	1	0	1	1
5321	0	1	0	1	0	1	1
5321	0	1	0	1	0	1	1
5321	0	1	0	1	0	1	1
5321	0	1	0	1	0	1	1
5321	0	1	0	1	0	1	1
5321	0	1	0	1	0	1	1
5321	0	1	0	1	0	1	1
5321	0	1	0	1	0	1	1
5321	0	1	0	1	0	1	1
5321	0	1	0	1	0	1	1
5321	0	1	0	1	0	1	1
5321	0	1	0	1	0	1	1
5321	0	1	0	1	0	1	1
5321	0	1	0	1	0	1	1
5321	0	1	0	1	0	1	1
5321	0	1	0	1	0	1	1
5321	0	1	0	1	0	1	1
5321	0	1	0	1	0	1	1
5321	0	1	0	1	0	1	1
5321	0	1	0	1	0	1	1
5321	0	1	0	1	0	1	1
5321	0	1	0	1	0	1	1
5321	0	1	0	1	0	1	1
5321	0	1	0	1	0	1	1
5321	0	1	0	1	0	1	1
5321	0	1	0	1	0	1	1
5321	0	1	0	1	0	1	1
5321	0	1	0	1	0	1	1
5321	0	1	0	1	0	1	1
5321	0	1	0	1	0	1	1
5321	0	1	0	1	0	1	1
5322	5	4	0	1	1	6	5
5322	5	4	0	1	1	6	5
5322	5	4	0	1	1	6	5
5322	5	4	0	1	1	6	5
5322	5	4	0	1	1	6	5
5322	5	4	0	1	1	6	5
5322	5	4	0	1	1	6	5
