AAAAAAAAAAACAAAA	17	13.15000000000000000000000000	7.70000000000000000000000000	1.97000000000000000000000000
AAAAAAAAAAAEAAAA	99	123.44000000000000000000000000	0E-26	44.43000000000000000000000000
AAAAAAAAAABBAAAA	11	77.31000000000000000000000000	0E-26	38.65000000000000000000000000
AAAAAAAAAABEAAAA	35	18.90000000000000000000000000	0E-26	4.85000000000000000000000000
AAAAAAAAAACAAAAA	61	38.63000000000000000000000000	90.24500000000000000000000000	16.38500000000000000000000000
AAAAAAAAAACCAAAA	10	83.46500000000000000000000000	0E-26	30.02000000000000000000000000
AAAAAAAAAADBAAAA	44	108.36000000000000000000000000	0E-26	13.00000000000000000000000000
AAAAAAAAAADCAAAA	54	59.29000000000000000000000000	0E-26	34.98000000000000000000000000
AAAAAAAAAADEAAAA	93	43.57000000000000000000000000	0E-26	38.34000000000000000000000000
AAAAAAAAAAEAAAAA	72	16.46000000000000000000000000	0E-26	13.33000000000000000000000000
AAAAAAAAAAEBAAAA	88	29.02000000000000000000000000	0E-26	0.87000000000000000000000000
AAAAAAAAAAEDAAAA	91	84.37500000000000000000000000	0E-26	9.09000000000000000000000000
AAAAAAAAAAFDAAAA	37	33.13000000000000000000000000	0E-26	20.20000000000000000000000000
AAAAAAAAAAGEAAAA	35	56.48000000000000000000000000	881.45000000000000000000000000	23.63000000000000000000000000
AAAAAAAAAAHDAAAA	33	59.05000000000000000000000000	0E-26	48.53000000000000000000000000
AAAAAAAAAAICAAAA	68	108.73000000000000000000000000	166.78000000000000000000000000	69.22000000000000000000000000
AAAAAAAAAAIDAAAA	76	97.19000000000000000000000000	0E-26	43.73000000000000000000000000
AAAAAAAAAAJCAAAA	30	47.55000000000000000000000000	0E-26	30.43000000000000000000000000
AAAAAAAAAAKBAAAA	59	55.08000000000000000000000000	0E-26	17.07000000000000000000000000
AAAAAAAAAAMBAAAA	74	10.39000000000000000000000000	0E-26	8.62000000000000000000000000
AAAAAAAAAAMCAAAA	86	24.10000000000000000000000000	0.41000000000000000000000000	0.48000000000000000000000000
AAAAAAAAAANAAAAA	43	80.16000000000000000000000000	0E-26	41.68000000000000000000000000
AAAAAAAAAANBAAAA	28	112.27000000000000000000000000	0E-26	57.25000000000000000000000000
AAAAAAAAAAOAAAAA	46	12.63000000000000000000000000	0E-26	4.67000000000000000000000000
AAAAAAAAAAPBAAAA	66	39.59000000000000000000000000	969.80000000000000000000000000	18.60000000000000000000000000
AAAAAAAAAAPCAAAA	90	68.28000000000000000000000000	0E-26	47.79000000000000000000000000
AAAAAAAAABAAAAAA	10	71.48000000000000000000000000	0E-26	28.92000000000000000000000000
AAAAAAAAABABAAAA	12	100.53000000000000000000000000	2.23000000000000000000000000	34.80750000000000000000000000
AAAAAAAAABADAAAA	100	68.67000000000000000000000000	0E-26	50.81000000000000000000000000
AAAAAAAAABAEAAAA	49	15.79000000000000000000000000	0E-26	11.84000000000000000000000000
AAAAAAAAABBCAAAA	52	115.10000000000000000000000000	0E-26	24.17000000000000000000000000
AAAAAAAAABDEAAAA	92	168.96000000000000000000000000	0E-26	23.65000000000000000000000000
AAAAAAAAABEAAAAA	33	58.64666666666666666666666666	99.47333333333333333333333333	22.16666666666666666666666666
AAAAAAAAABECAAAA	43	167.74000000000000000000000000	0E-26	88.90000000000000000000000000
AAAAAAAAABEDAAAA	74	129.10000000000000000000000000	0E-26	108.44000000000000000000000000
AAAAAAAAABFBAAAA	36	115.18000000000000000000000000	0E-26	109.42000000000000000000000000
AAAAAAAAABFCAAAA	51	121.98000000000000000000000000	0E-26	17.07000000000000000000000000
AAAAAAAAABFEAAAA	65	117.88000000000000000000000000	0E-26	107.27000000000000000000000000
AAAAAAAAABGBAAAA	52	71.54500000000000000000000000	0E-26	30.28500000000000000000000000
AAAAAAAAABGDAAAA	67	58.86000000000000000000000000	0E-26	35.25000000000000000000000000
AAAAAAAAABHAAAAA	71	39.38500000000000000000000000	804.37500000000000000000000000	8.38000000000000000000000000
AAAAAAAAABHCAAAA	48	12.67000000000000000000000000	52.16000000000000000000000000	4.18000000000000000000000000
AAAAAAAAABHDAAAA	55	17.78000000000000000000000000	0E-26	5.51500000000000000000000000
AAAAAAAAABJAAAAA	32	20.11000000000000000000000000	0E-26	15.68000000000000000000000000
AAAAAAAAABJBAAAA	21	72.33500000000000000000000000	0E-26	11.37000000000000000000000000
AAAAAAAAABJDAAAA	43	74.92000000000000000000000000	0E-26	8.24000000000000000000000000
AAAAAAAAABKAAAAA	67	103.07000000000000000000000000	0E-26	34.01000000000000000000000000
AAAAAAAAABKCAAAA	43	73.93000000000000000000000000	0E-26	48.05000000000000000000000000
AAAAAAAAABKDAAAA	84	102.95000000000000000000000000	0E-26	42.20000000000000000000000000
AAAAAAAAABMAAAAA	58	136.34000000000000000000000000	0E-26	35.44000000000000000000000000
AAAAAAAAABMDAAAA	80	3.06000000000000000000000000	0E-26	1.89000000000000000000000000
AAAAAAAAABNAAAAA	96	81.95000000000000000000000000	0E-26	64.74000000000000000000000000
AAAAAAAAABNCAAAA	42	88.83000000000000000000000000	0E-26	20.65000000000000000000000000
AAAAAAAAABOBAAAA	18	81.49000000000000000000000000	0E-26	58.67000000000000000000000000
AAAAAAAAABOCAAAA	31	73.87666666666666666666666666	0E-26	59.94000000000000000000000000
AAAAAAAAABPBAAAA	48	37.83000000000000000000000000	183.78000000000000000000000000	11.72000000000000000000000000
AAAAAAAAACACAAAA	60	104.37500000000000000000000000	351.56500000000000000000000000	25.31500000000000000000000000
AAAAAAAAACADAAAA	29	43.74000000000000000000000000	0E-26	13.99000000000000000000000000
AAAAAAAAACBBAAAA	44	87.51000000000000000000000000	0E-26	36.14000000000000000000000000
AAAAAAAAACBEAAAA	76	156.05000000000000000000000000	0E-26	113.91000000000000000000000000
AAAAAAAAACCDAAAA	26	35.57333333333333333333333333	0E-26	13.01333333333333333333333333
AAAAAAAAACCEAAAA	4	10.98000000000000000000000000	0E-26	4.94000000000000000000000000
AAAAAAAAACDAAAAA	16	87.87000000000000000000000000	36.26000000000000000000000000	75.56000000000000000000000000
AAAAAAAAACDCAAAA	27	89.86000000000000000000000000	0E-26	40.43000000000000000000000000
AAAAAAAAACEBAAAA	42	94.58000000000000000000000000	0E-26	51.26000000000000000000000000
AAAAAAAAACFBAAAA	45	88.30500000000000000000000000	0E-26	24.26000000000000000000000000
AAAAAAAAACGAAAAA	47	10.46000000000000000000000000	0E-26	5.64000000000000000000000000
AAAAAAAAACGDAAAA	24	51.54500000000000000000000000	0E-26	18.83500000000000000000000000
AAAAAAAAACHBAAAA	44	103.27000000000000000000000000	0E-26	65.06000000000000000000000000
AAAAAAAAACHCAAAA	68	91.68000000000000000000000000	0E-26	66.16500000000000000000000000
AAAAAAAAACIAAAAA	7	25.42000000000000000000000000	0E-26	8.64000000000000000000000000
AAAAAAAAACIBAAAA	21	89.29000000000000000000000000	915.01000000000000000000000000	71.43000000000000000000000000
AAAAAAAAACIDAAAA	43	56.28000000000000000000000000	56.11000000000000000000000000	4.50000000000000000000000000
AAAAAAAAACLAAAAA	36	125.57000000000000000000000000	0E-26	13.81000000000000000000000000
AAAAAAAAACLDAAAA	61	114.20666666666666666666666666	0E-26	59.12333333333333333333333333
AAAAAAAAACMDAAAA	56	79.02000000000000000000000000	0E-26	64.00000000000000000000000000
AAAAAAAAACNCAAAA	63	54.20000000000000000000000000	0E-26	29.26000000000000000000000000
AAAAAAAAACOAAAAA	50	27.43000000000000000000000000	229.21500000000000000000000000	13.43000000000000000000000000
AAAAAAAAACPAAAAA	32	147.62000000000000000000000000	2480.32000000000000000000000000	87.09000000000000000000000000
AAAAAAAAACPCAAAA	80	12.60000000000000000000000000	0E-26	0.37000000000000000000000000
AAAAAAAAACPDAAAA	87	105.93000000000000000000000000	0E-26	9.53000000000000000000000000
AAAAAAAAADABAAAA	68	35.79500000000000000000000000	0E-26	27.84000000000000000000000000
AAAAAAAAADACAAAA	96	101.54000000000000000000000000	0E-26	99.50000000000000000000000000
AAAAAAAAADAEAAAA	53	74.64000000000000000000000000	0E-26	7.63000000000000000000000000
AAAAAAAAADBBAAAA	6	85.58000000000000000000000000	234.14000000000000000000000000	81.30000000000000000000000000
AAAAAAAAADBDAAAA	47	39.33000000000000000000000000	62.71000000000000000000000000	12.09000000000000000000000000
AAAAAAAAADBEAAAA	52	2.41000000000000000000000000	0E-26	1.06000000000000000000000000
AAAAAAAAADCAAAAA	91	92.17000000000000000000000000	0E-26	67.28000000000000000000000000
AAAAAAAAADCCAAAA	33	40.80000000000000000000000000	0E-26	28.56000000000000000000000000
AAAAAAAAADDBAAAA	45	18.63000000000000000000000000	0E-26	17.69000000000000000000000000
AAAAAAAAADDCAAAA	66	162.17000000000000000000000000	1525.90000000000000000000000000	37.29000000000000000000000000
AAAAAAAAADDEAAAA	35	78.25666666666666666666666666	0E-26	36.63000000000000000000000000
AAAAAAAAADEBAAAA	59	110.38000000000000000000000000	157.96500000000000000000000000	16.16500000000000000000000000
AAAAAAAAADEEAAAA	17	54.54000000000000000000000000	0E-26	16.36000000000000000000000000
AAAAAAAAADFAAAAA	44	133.51000000000000000000000000	0E-26	25.36000000000000000000000000
AAAAAAAAADGBAAAA	31	107.55000000000000000000000000	919.82500000000000000000000000	56.53500000000000000000000000
AAAAAAAAADGCAAAA	78	119.61000000000000000000000000	0E-26	74.15000000000000000000000000
AAAAAAAAADGEAAAA	45	99.30500000000000000000000000	0E-26	1.06500000000000000000000000
AAAAAAAAADHAAAAA	86	81.09000000000000000000000000	0E-26	37.30000000000000000000000000
AAAAAAAAADHBAAAA	28	68.58000000000000000000000000	223.79000000000000000000000000	53.61500000000000000000000000
