AAAAAAAAAAAEAAAA	63	30.01000000000000000000000000	0E-26	25.29000000000000000000000000
AAAAAAAAAABEAAAA	96	75.34000000000000000000000000	0E-26	10.54000000000000000000000000
AAAAAAAAAACAAAAA	73	199.77000000000000000000000000	0E-26	41.95000000000000000000000000
AAAAAAAAAACCAAAA	23	26.62000000000000000000000000	110.97000000000000000000000000	14.20000000000000000000000000
AAAAAAAAAADBAAAA	23	131.56000000000000000000000000	0E-26	26.31000000000000000000000000
AAAAAAAAAADEAAAA	15	283.91000000000000000000000000	0E-26	19.87000000000000000000000000
AAAAAAAAAAEAAAAA	71	176.71333333333333333333333333	0E-26	142.69333333333333333333333333
AAAAAAAAAAEBAAAA	96	66.74000000000000000000000000	1014.39000000000000000000000000	16.01000000000000000000000000
AAAAAAAAAAFCAAAA	85	76.81000000000000000000000000	143.61000000000000000000000000	42.24000000000000000000000000
AAAAAAAAAAGEAAAA	47	136.92500000000000000000000000	0E-26	95.27500000000000000000000000
AAAAAAAAAAHBAAAA	27	105.84000000000000000000000000	0E-26	35.98000000000000000000000000
AAAAAAAAAAIDAAAA	78	126.37000000000000000000000000	0E-26	61.94333333333333333333333333
AAAAAAAAAAJBAAAA	60	85.59666666666666666666666666	23.20000000000000000000000000	15.50000000000000000000000000
AAAAAAAAAAKDAAAA	21	84.41500000000000000000000000	0E-26	26.85000000000000000000000000
AAAAAAAAAALCAAAA	20	62.79000000000000000000000000	0E-26	48.97000000000000000000000000
AAAAAAAAAALDAAAA	49	73.15500000000000000000000000	0E-26	21.00500000000000000000000000
AAAAAAAAAAMCAAAA	81	229.62000000000000000000000000	15221.17000000000000000000000000	202.06000000000000000000000000
AAAAAAAAAANAAAAA	42	79.99000000000000000000000000	0E-26	76.79000000000000000000000000
AAAAAAAAAANDAAAA	94	27.92000000000000000000000000	0E-26	1.67000000000000000000000000
AAAAAAAAAAOAAAAA	66	44.29500000000000000000000000	25.82000000000000000000000000	10.05500000000000000000000000
AAAAAAAAAAOCAAAA	34	84.49666666666666666666666666	1133.95333333333333333333333333	63.43000000000000000000000000
AAAAAAAAABABAAAA	45	79.82000000000000000000000000	0E-26	67.84000000000000000000000000
AAAAAAAAABAEAAAA	1	171.54000000000000000000000000	0E-26	49.74000000000000000000000000
AAAAAAAAABBAAAAA	8	279.08000000000000000000000000	0E-26	55.81000000000000000000000000
AAAAAAAAABBCAAAA	56	45.97000000000000000000000000	1286.38000000000000000000000000	23.44000000000000000000000000
AAAAAAAAABBDAAAA	47	22.44000000000000000000000000	0E-26	21.99000000000000000000000000
AAAAAAAAABCBAAAA	84	43.87000000000000000000000000	0E-26	28.51000000000000000000000000
AAAAAAAAABEDAAAA	43	105.77000000000000000000000000	668.40000000000000000000000000	37.01000000000000000000000000
AAAAAAAAABFEAAAA	66	239.55000000000000000000000000	0E-26	184.45000000000000000000000000
AAAAAAAAABJAAAAA	49	10.24000000000000000000000000	0E-26	8.08000000000000000000000000
AAAAAAAAABKAAAAA	71	99.42000000000000000000000000	0E-26	15.90000000000000000000000000
AAAAAAAAABLBAAAA	40	233.60000000000000000000000000	0E-26	93.44000000000000000000000000
AAAAAAAAABOCAAAA	51	4.55000000000000000000000000	0E-26	4.14000000000000000000000000
AAAAAAAAACCAAAAA	39	63.74500000000000000000000000	22.26000000000000000000000000	17.78500000000000000000000000
AAAAAAAAACDCAAAA	51	158.97500000000000000000000000	1334.07000000000000000000000000	124.78500000000000000000000000
AAAAAAAAACDDAAAA	85	75.73500000000000000000000000	0E-26	36.28500000000000000000000000
AAAAAAAAACEEAAAA	38	78.69000000000000000000000000	0E-26	19.67000000000000000000000000
AAAAAAAAACFDAAAA	93	59.44000000000000000000000000	0E-26	7.72000000000000000000000000
AAAAAAAAACGCAAAA	55	103.21000000000000000000000000	0E-26	27.86000000000000000000000000
AAAAAAAAACHBAAAA	62	180.29000000000000000000000000	0E-26	32.45000000000000000000000000
AAAAAAAAACIBAAAA	95	214.40000000000000000000000000	0E-26	4.28000000000000000000000000
AAAAAAAAACKBAAAA	59	92.91000000000000000000000000	0E-26	29.67500000000000000000000000
AAAAAAAAACMCAAAA	65	119.55000000000000000000000000	0E-26	84.88000000000000000000000000
AAAAAAAAACNBAAAA	65	169.29000000000000000000000000	0E-26	121.88000000000000000000000000
AAAAAAAAACNCAAAA	12	64.16000000000000000000000000	0E-26	16.04000000000000000000000000
AAAAAAAAACOBAAAA	90	50.84000000000000000000000000	0E-26	6.10000000000000000000000000
AAAAAAAAACODAAAA	46	35.84000000000000000000000000	0E-26	16.27666666666666666666666666
AAAAAAAAACPAAAAA	62	191.00000000000000000000000000	823.81500000000000000000000000	132.19500000000000000000000000
AAAAAAAAADABAAAA	31	30.66000000000000000000000000	0E-26	2.45000000000000000000000000
AAAAAAAAADACAAAA	31	174.06000000000000000000000000	0E-26	46.99000000000000000000000000
AAAAAAAAADAEAAAA	21	65.43000000000000000000000000	0E-26	62.15000000000000000000000000
AAAAAAAAADBAAAAA	88	102.57000000000000000000000000	7392.18000000000000000000000000	92.31000000000000000000000000
AAAAAAAAADBDAAAA	67	221.22000000000000000000000000	0E-26	79.63000000000000000000000000
AAAAAAAAADCAAAAA	67	70.16000000000000000000000000	2248.62000000000000000000000000	36.48000000000000000000000000
AAAAAAAAADCDAAAA	37	92.28000000000000000000000000	0E-26	31.66000000000000000000000000
AAAAAAAAADDCAAAA	27	133.79000000000000000000000000	0E-26	14.71000000000000000000000000
AAAAAAAAADEAAAAA	99	26.54000000000000000000000000	0E-26	8.75000000000000000000000000
AAAAAAAAADFDAAAA	49	56.58000000000000000000000000	0E-26	5.65000000000000000000000000
AAAAAAAAADGEAAAA	49	87.96000000000000000000000000	0E-26	15.83000000000000000000000000
AAAAAAAAADHAAAAA	36	32.89000000000000000000000000	849.52000000000000000000000000	25.65000000000000000000000000
AAAAAAAAADIAAAAA	98	168.89000000000000000000000000	0E-26	69.24000000000000000000000000
AAAAAAAAADIDAAAA	5	99.29500000000000000000000000	0E-26	86.44500000000000000000000000
AAAAAAAAADJBAAAA	87	88.35000000000000000000000000	7.68000000000000000000000000	8.83000000000000000000000000
AAAAAAAAADJCAAAA	71	30.50000000000000000000000000	0E-26	7.01000000000000000000000000
AAAAAAAAADKAAAAA	40	123.01000000000000000000000000	0E-26	8.12000000000000000000000000
AAAAAAAAADKBAAAA	23	61.77000000000000000000000000	0E-26	52.50000000000000000000000000
AAAAAAAAADLAAAAA	35	108.69000000000000000000000000	0E-26	78.25000000000000000000000000
AAAAAAAAADMBAAAA	14	181.43000000000000000000000000	0E-26	170.54000000000000000000000000
AAAAAAAAADNAAAAA	23	43.28000000000000000000000000	0E-26	5.62000000000000000000000000
AAAAAAAAADNBAAAA	19	119.64000000000000000000000000	0E-26	7.17000000000000000000000000
AAAAAAAAADOCAAAA	37	30.22500000000000000000000000	0E-26	19.35500000000000000000000000
AAAAAAAAADODAAAA	66	4.61000000000000000000000000	0E-26	2.53000000000000000000000000
AAAAAAAAAEADAAAA	63	153.04000000000000000000000000	0E-26	148.44000000000000000000000000
AAAAAAAAAEAEAAAA	25	189.94000000000000000000000000	0E-26	144.35000000000000000000000000
AAAAAAAAAEBAAAAA	15	96.74000000000000000000000000	0E-26	10.64000000000000000000000000
AAAAAAAAAECBAAAA	57	31.66000000000000000000000000	0E-26	11.39000000000000000000000000
AAAAAAAAAEDBAAAA	90	185.31000000000000000000000000	0E-26	18.53000000000000000000000000
AAAAAAAAAEFBAAAA	44	56.32000000000000000000000000	0E-26	39.49500000000000000000000000
AAAAAAAAAEFCAAAA	14	136.80000000000000000000000000	735.43000000000000000000000000	82.08000000000000000000000000
AAAAAAAAAEGBAAAA	93	138.20000000000000000000000000	0E-26	134.05000000000000000000000000
AAAAAAAAAEGDAAAA	71	109.73000000000000000000000000	332.44000000000000000000000000	59.20000000000000000000000000
AAAAAAAAAEHCAAAA	73	216.23000000000000000000000000	0E-26	211.90000000000000000000000000
AAAAAAAAAEHDAAAA	28	85.42500000000000000000000000	0E-26	38.96500000000000000000000000
AAAAAAAAAEJBAAAA	46	85.18000000000000000000000000	0E-26	79.21000000000000000000000000
AAAAAAAAAEKCAAAA	59	69.26000000000000000000000000	0E-26	2.07000000000000000000000000
AAAAAAAAAEMDAAAA	3	183.78000000000000000000000000	0E-26	134.15000000000000000000000000
AAAAAAAAAFAAAAAA	54	255.71000000000000000000000000	0E-26	86.94000000000000000000000000
AAAAAAAAAFADAAAA	90	51.00000000000000000000000000	0E-26	7.65000000000000000000000000
AAAAAAAAAFBEAAAA	34	105.16000000000000000000000000	0E-26	37.66500000000000000000000000
AAAAAAAAAFCDAAAA	81	66.52500000000000000000000000	0E-26	54.12500000000000000000000000
AAAAAAAAAFDDAAAA	24	110.74500000000000000000000000	0E-26	56.09500000000000000000000000
AAAAAAAAAFEEAAAA	44	78.87000000000000000000000000	2115.77000000000000000000000000	71.77000000000000000000000000
AAAAAAAAAFFBAAAA	39	189.82500000000000000000000000	0E-26	56.22500000000000000000000000
AAAAAAAAAFFDAAAA	27	73.31000000000000000000000000	37.25000000000000000000000000	2.19000000000000000000000000
AAAAAAAAAFGCAAAA	64	164.06500000000000000000000000	883.15500000000000000000000000	150.20000000000000000000000000
AAAAAAAAAFHBAAAA	18	92.06000000000000000000000000	0E-26	26.69000000000000000000000000
AAAAAAAAAFIDAAAA	26	165.65000000000000000000000000	409.99000000000000000000000000	46.38000000000000000000000000
AAAAAAAAAFLBAAAA	12	146.01000000000000000000000000	13.64500000000000000000000000	118.77500000000000000000000000
AAAAAAAAAFMCAAAA	41	37.88000000000000000000000000	0E-26	13.63000000000000000000000000
AAAAAAAAAFMDAAAA	72	97.77000000000000000000000000	0E-26	24.44000000000000000000000000
