AAAAAAAAAAABAAAA	TN	0	46	114.72000000000000000000000000	0E-26	32.12000000000000000000000000
AAAAAAAAAAABAAAA		1	46	114.72000000000000000000000000	0E-26	32.12000000000000000000000000
AAAAAAAAAAAEAAAA	TN	0	100	77.97000000000000000000000000	0E-26	57.69000000000000000000000000
AAAAAAAAAAAEAAAA		1	100	77.97000000000000000000000000	0E-26	57.69000000000000000000000000
AAAAAAAAAABAAAAA	TN	0	6	48.89000000000000000000000000	13.61000000000000000000000000	2.44000000000000000000000000
AAAAAAAAAABAAAAA		1	6	48.89000000000000000000000000	13.61000000000000000000000000	2.44000000000000000000000000
AAAAAAAAAACAAAAA	TN	0	62	32.21333333333333333333333333	0E-26	5.50666666666666666666666666
AAAAAAAAAACAAAAA		1	62	32.21333333333333333333333333	0E-26	5.50666666666666666666666666
AAAAAAAAAACDAAAA	TN	0	97	161.78000000000000000000000000	0E-26	55.00000000000000000000000000
AAAAAAAAAACDAAAA		1	97	161.78000000000000000000000000	0E-26	55.00000000000000000000000000
AAAAAAAAAADBAAAA	TN	0	28	136.01000000000000000000000000	575.76000000000000000000000000	73.44000000000000000000000000
AAAAAAAAAADBAAAA		1	28	136.01000000000000000000000000	575.76000000000000000000000000	73.44000000000000000000000000
AAAAAAAAAADCAAAA	TN	0	64	116.14000000000000000000000000	0E-26	108.01000000000000000000000000
AAAAAAAAAADCAAAA		1	64	116.14000000000000000000000000	0E-26	108.01000000000000000000000000
AAAAAAAAAAEBAAAA	TN	0	9	5.43000000000000000000000000	0E-26	5.21000000000000000000000000
AAAAAAAAAAEBAAAA		1	9	5.43000000000000000000000000	0E-26	5.21000000000000000000000000
AAAAAAAAAAEDAAAA	TN	0	45	87.63500000000000000000000000	0E-26	51.84000000000000000000000000
AAAAAAAAAAEDAAAA		1	45	87.63500000000000000000000000	0E-26	51.84000000000000000000000000
AAAAAAAAAAGBAAAA	TN	0	29	101.94000000000000000000000000	0E-26	100.92000000000000000000000000
AAAAAAAAAAGBAAAA		1	29	101.94000000000000000000000000	0E-26	100.92000000000000000000000000
AAAAAAAAAAGCAAAA	TN	0	97	65.27000000000000000000000000	0E-26	21.53000000000000000000000000
AAAAAAAAAAGCAAAA		1	97	65.27000000000000000000000000	0E-26	21.53000000000000000000000000
AAAAAAAAAAGEAAAA	TN	0	55	73.87500000000000000000000000	0E-26	71.00000000000000000000000000
AAAAAAAAAAGEAAAA		1	55	73.87500000000000000000000000	0E-26	71.00000000000000000000000000
AAAAAAAAAAHAAAAA	TN	0	20	134.30000000000000000000000000	0E-26	119.52000000000000000000000000
AAAAAAAAAAHAAAAA		1	20	134.30000000000000000000000000	0E-26	119.52000000000000000000000000
AAAAAAAAAAHBAAAA	TN	0	97	7.40000000000000000000000000	0E-26	6.73000000000000000000000000
AAAAAAAAAAHBAAAA		1	97	7.40000000000000000000000000	0E-26	6.73000000000000000000000000
AAAAAAAAAAHDAAAA	TN	0	69	5.62000000000000000000000000	0E-26	0.33000000000000000000000000
AAAAAAAAAAHDAAAA		1	69	5.62000000000000000000000000	0E-26	0.33000000000000000000000000
AAAAAAAAAAIAAAAA	TN	0	87	106.98000000000000000000000000	0E-26	27.81000000000000000000000000
AAAAAAAAAAIAAAAA		1	87	106.98000000000000000000000000	0E-26	27.81000000000000000000000000
AAAAAAAAAAKBAAAA	TN	0	84	66.17500000000000000000000000	847.83500000000000000000000000	57.38000000000000000000000000
AAAAAAAAAAKBAAAA		1	84	66.17500000000000000000000000	847.83500000000000000000000000	57.38000000000000000000000000
AAAAAAAAAALAAAAA	TN	0	6	32.28000000000000000000000000	0E-26	7.42000000000000000000000000
AAAAAAAAAALAAAAA		1	6	32.28000000000000000000000000	0E-26	7.42000000000000000000000000
AAAAAAAAAALCAAAA	TN	0	98	34.31000000000000000000000000	55.30000000000000000000000000	1.71000000000000000000000000
AAAAAAAAAALCAAAA		1	98	34.31000000000000000000000000	55.30000000000000000000000000	1.71000000000000000000000000
AAAAAAAAAALDAAAA	TN	0	59	129.47000000000000000000000000	713.90000000000000000000000000	22.00000000000000000000000000
AAAAAAAAAALDAAAA		1	59	129.47000000000000000000000000	713.90000000000000000000000000	22.00000000000000000000000000
AAAAAAAAAANAAAAA	TN	0	74	60.87500000000000000000000000	0E-26	13.20000000000000000000000000
AAAAAAAAAANAAAAA		1	74	60.87500000000000000000000000	0E-26	13.20000000000000000000000000
AAAAAAAAAANBAAAA	TN	0	96	130.79000000000000000000000000	1864.51000000000000000000000000	129.48000000000000000000000000
AAAAAAAAAANBAAAA		1	96	130.79000000000000000000000000	1864.51000000000000000000000000	129.48000000000000000000000000
AAAAAAAAAAOAAAAA	TN	0	85	130.34000000000000000000000000	0E-26	122.51000000000000000000000000
AAAAAAAAAAOAAAAA		1	85	130.34000000000000000000000000	0E-26	122.51000000000000000000000000
AAAAAAAAAAOCAAAA	TN	0	14	64.57500000000000000000000000	0E-26	33.97500000000000000000000000
AAAAAAAAAAOCAAAA		1	14	64.57500000000000000000000000	0E-26	33.97500000000000000000000000
AAAAAAAAAAODAAAA	TN	0	84	30.50000000000000000000000000	0E-26	28.97000000000000000000000000
AAAAAAAAAAODAAAA		1	84	30.50000000000000000000000000	0E-26	28.97000000000000000000000000
AAAAAAAAAAPBAAAA	TN	0	45	118.89000000000000000000000000	2380.59500000000000000000000000	84.71500000000000000000000000
AAAAAAAAAAPBAAAA		1	45	118.89000000000000000000000000	2380.59500000000000000000000000	84.71500000000000000000000000
AAAAAAAAABAAAAAA	TN	0	97	124.75000000000000000000000000	0E-26	74.85000000000000000000000000
AAAAAAAAABAAAAAA		1	97	124.75000000000000000000000000	0E-26	74.85000000000000000000000000
AAAAAAAAABABAAAA	TN	0	31	29.98000000000000000000000000	17.09000000000000000000000000	27.58000000000000000000000000
AAAAAAAAABABAAAA		1	31	29.98000000000000000000000000	17.09000000000000000000000000	27.58000000000000000000000000
AAAAAAAAABAEAAAA	TN	0	34	17.21000000000000000000000000	0E-26	13.42000000000000000000000000
AAAAAAAAABAEAAAA		1	34	17.21000000000000000000000000	0E-26	13.42000000000000000000000000
AAAAAAAAABCBAAAA	TN	0	38	131.37500000000000000000000000	0E-26	52.32000000000000000000000000
AAAAAAAAABCBAAAA		1	38	131.37500000000000000000000000	0E-26	52.32000000000000000000000000
AAAAAAAAABDAAAAA	TN	0	31	68.34500000000000000000000000	0E-26	63.27500000000000000000000000
AAAAAAAAABDAAAAA		1	31	68.34500000000000000000000000	0E-26	63.27500000000000000000000000
AAAAAAAAABDBAAAA	TN	0	56	103.85000000000000000000000000	1624.17000000000000000000000000	59.19000000000000000000000000
AAAAAAAAABDBAAAA		1	56	103.85000000000000000000000000	1624.17000000000000000000000000	59.19000000000000000000000000
AAAAAAAAABDDAAAA	TN	0	67	119.42000000000000000000000000	23.18666666666666666666666666	38.72000000000000000000000000
AAAAAAAAABDDAAAA		1	67	119.42000000000000000000000000	23.18666666666666666666666666	38.72000000000000000000000000
AAAAAAAAABDEAAAA	TN	0	61	85.95000000000000000000000000	2282.36000000000000000000000000	44.60500000000000000000000000
AAAAAAAAABDEAAAA		1	61	85.95000000000000000000000000	2282.36000000000000000000000000	44.60500000000000000000000000
AAAAAAAAABEDAAAA	TN	0	61	85.14000000000000000000000000	0E-26	50.23000000000000000000000000
AAAAAAAAABEDAAAA		1	61	85.14000000000000000000000000	0E-26	50.23000000000000000000000000
AAAAAAAAABFBAAAA	TN	0	31	23.55000000000000000000000000	0E-26	13.65000000000000000000000000
AAAAAAAAABFBAAAA		1	31	23.55000000000000000000000000	0E-26	13.65000000000000000000000000
AAAAAAAAABFCAAAA	TN	0	83	15.50000000000000000000000000	0E-26	0E-26
AAAAAAAAABFCAAAA		1	83	15.50000000000000000000000000	0E-26	0E-26
AAAAAAAAABGAAAAA	TN	0	64	35.08000000000000000000000000	0E-26	3.15000000000000000000000000
AAAAAAAAABGAAAAA		1	64	35.08000000000000000000000000	0E-26	3.15000000000000000000000000
AAAAAAAAABGBAAAA	TN	0	40	25.07000000000000000000000000	0E-26	16.04000000000000000000000000
AAAAAAAAABGBAAAA		1	40	25.07000000000000000000000000	0E-26	16.04000000000000000000000000
AAAAAAAAABGEAAAA	TN	0	39	56.76500000000000000000000000	14.25500000000000000000000000	36.00500000000000000000000000
AAAAAAAAABGEAAAA		1	39	56.76500000000000000000000000	14.25500000000000000000000000	36.00500000000000000000000000
AAAAAAAAABHAAAAA	TN	0	93	74.80000000000000000000000000	0E-26	21.69000000000000000000000000
AAAAAAAAABHAAAAA		1	93	74.80000000000000000000000000	0E-26	21.69000000000000000000000000
AAAAAAAAABHCAAAA	TN	0	31	79.83500000000000000000000000	181.38000000000000000000000000	61.93500000000000000000000000
AAAAAAAAABHCAAAA		1	31	79.83500000000000000000000000	181.38000000000000000000000000	61.93500000000000000000000000
AAAAAAAAABIBAAAA	TN	0	48	170.89000000000000000000000000	0E-26	140.12000000000000000000000000
AAAAAAAAABIBAAAA		1	48	170.89000000000000000000000000	0E-26	140.12000000000000000000000000
AAAAAAAAABJAAAAA	TN	0	46	82.32500000000000000000000000	0E-26	44.98500000000000000000000000
AAAAAAAAABJAAAAA		1	46	82.32500000000000000000000000	0E-26	44.98500000000000000000000000
AAAAAAAAABJBAAAA	TN	0	76	12.40000000000000000000000000	0E-26	3.96000000000000000000000000
AAAAAAAAABJBAAAA		1	76	12.40000000000000000000000000	0E-26	3.96000000000000000000000000
AAAAAAAAABJDAAAA	TN	0	34	118.50500000000000000000000000	0E-26	61.20500000000000000000000000
AAAAAAAAABJDAAAA		1	34	118.50500000000000000000000000	0E-26	61.20500000000000000000000000
AAAAAAAAABKAAAAA	TN	0	65	8.77500000000000000000000000	0E-26	5.18000000000000000000000000
AAAAAAAAABKAAAAA		1	65	8.77500000000000000000000000	0E-26	5.18000000000000000000000000
AAAAAAAAABKCAAAA	TN	0	26	51.57000000000000000000000000	0E-26	41.25000000000000000000000000
AAAAAAAAABKCAAAA		1	26	51.57000000000000000000000000	0E-26	41.25000000000000000000000000
AAAAAAAAABLBAAAA	TN	0	61	149.12000000000000000000000000	0E-26	82.54000000000000000000000000
AAAAAAAAABLBAAAA		1	61	149.12000000000000000000000000	0E-26	82.54000000000000000000000000
AAAAAAAAABMAAAAA	TN	0	14	109.97000000000000000000000000	0E-26	10.99000000000000000000000000
AAAAAAAAABMAAAAA		1	14	109.97000000000000000000000000	0E-26	10.99000000000000000000000000
