Atchison County	2000	0.8002	0.2429	11.9445	3.1629
Bacon County	2000	1.1688	0.3940	0.9687	0.5107
Bourbon County	2000	1.9131	0.9819	3.3648	1.3801
Boyd County	2000	1.0863	0.8115	1.1689	0.7420
Bradley County	2000	1.4896	0.5757	1.3443	0.9989
Buchanan County	2000	1.1956	0.7460	3.3329	2.2397
Carter County	2000	3.9537	1.1510	2.1192	1.8444
Cass County	2000	2.3987	1.1905	2.2571	0.8478
Corson County	2000	0.5603	0.1750	4.8074	3.2271
Crockett County	2000	1.6371	0.3604	2.1340	1.8324
Culpeper County	2000	0.6617	0.6190	1.6592	1.2241
Edmonson County	2000	0.7324	0.2997	1.6028	1.4912
Ferry County	2000	0.7013	0.3410	4.0029	2.6034
Fillmore County	2000	0.5077	0.3499	2.4431	1.3011
Forest County	2000	0.6447	0.3423	5.7710	1.8810
Gaston County	2000	0.7637	0.4554	3.9556	2.1415
Grant County	2000	0.6933	0.6228	1.7886	1.7221
Green County	2000	0.7636	0.3214	4.6941	4.2070
Harlan County	2000	1.6703	1.5901	2.4719	2.1072
Harris County	2000	2.3375	0.3331	2.4170	1.0257
Heard County	2000	4.1025	1.2669	3.5002	1.1278
Houston County	2000	2.0453	1.0389	1.9650	1.4211
Ingham County	2000	0.5743	0.3841	1.3065	0.9920
Lake County	2000	1.2550	0.7459	1.5151	1.2656
Lamar County	2000	0.7493	0.7456	4.2690	2.0295
Lincoln County	2000	1.0191	0.9448	2.3359	1.7769
Marion County	2000	1.1589	0.9165	2.4450	1.8510
Mercer County	2000	0.7383	0.6016	3.0124	2.7244
Meriwether County	2000	0.3657	0.3004	2.7722	0.7877
Miller County	2000	2.5757	1.3182	2.1919	0.9822
Mitchell County	2000	4.4392	1.1613	1.3940	1.2560
Mora County	2000	1.1832	0.6356	2.5131	0.9185
Nantucket County	2000	1.4378	0.7226	1.1754	0.9623
New Kent County	2000	0.6026	0.3990	2.8693	2.6258
Nicholas County	2000	2.1651	2.0562	6.0212	1.2625
Otero County	2000	2.7546	1.2462	2.9761	2.2458
Oxford County	2000	0.9731	0.7572	4.0126	1.6407
Perry County	2000	1.5807	0.7644	2.1533	1.8024
Prince William County	2000	3.3763	0.6307	1.7069	0.9343
Refugio County	2000	1.8129	0.5867	1.3019	1.2696
Rice County	2000	1.1346	0.7330	2.3781	1.9864
Richmond County	2000	1.5716	1.2940	2.3095	1.7780
Sheridan County	2000	1.3860	1.2506	1.5759	0.5378
Smith County	2000	0.6369	0.4278	5.7448	4.4779
Stark County	2000	7.3382	1.4175	1.8638	1.2273
Steele County	2000	1.3774	0.7665	1.2479	0.9311
Stone County	2000	1.9000	0.8119	3.6993	1.5216
Tooele County	2000	6.5903	0.7689	1.7886	0.3400
Vernon County	2000	0.9744	0.9159	1.3688	1.0417
Williamson County	2000	2.9851	0.3914	5.8059	4.3966
Wright County	2000	5.0293	1.9708	4.0765	1.9664
