271	1071.58	354.33
99	1013.10	438.66
235	979.14	441.03
360	928.51	445.41
190	1013.09	451.98
134	914.56	457.01
105	1036.54	458.50
439	930.53	459.39
194	935.71	460.84
100	1045.61	465.28
440	1068.80	474.71
55	1104.06	482.84
197	1084.63	483.10
242	1223.55	483.77
505	1024.37	487.51
315	1075.30	488.66
256	1007.58	491.66
111	1089.86	494.90
372	1000.67	499.62
791	1144.28	507.66
393	1073.02	510.27
293	1043.80	520.99
631	1157.06	526.16
581	1207.22	549.24
91	1264.23	549.91
52	1103.84	551.82
412	1144.95	557.72
591	1264.61	558.23
84	1196.34	563.43
421	1157.03	563.74
330	1289.98	571.13
340	1336.60	571.49
6	1434.46	574.84
141	1211.39	575.49
76	1361.14	575.67
4	1163.85	578.04
332	1298.77	582.91
337	1255.73	585.19
43	1219.46	600.78
218	1463.10	605.62
145	1360.18	608.73
549	1329.69	613.60
160	1672.26	667.30
659	1438.13	670.55
436	1644.98	670.65
575	1374.68	674.89
11	1383.14	677.91
678	1516.76	687.20
899	1458.25	693.95
395	1456.01	703.53
116	1432.09	708.58
646	1511.08	717.68
98	1569.05	751.25
264	2043.35	960.89
93	2237.46	1097.04
284	2382.39	1140.72
219	2441.70	1158.40
