2	1487.82	625.03
2	1660.48	625.03
3	2624.04	988.29
7	3524.00	1499.65
9	3165.98	1509.97
9	3270.26	1509.97
10	3105.53	1125.25
11	2827.96	1348.31
13	3202.31	1529.04
15	1905.19	705.36
16	2161.61	1033.19
16	2183.05	1033.19
17	1550.79	704.14
18	1696.33	796.42
19	1397.89	552.76
20	1954.33	962.70
21	2355.40	1065.21
27	2209.12	980.99
28	4266.96	1789.41
29	3003.93	1453.55
30	1860.32	830.27
32	1236.85	575.93
32	1252.78	575.93
33	2760.41	1167.84
33	2832.72	1167.84
35	1459.72	578.30
37	2433.22	1094.82
38	773.80	373.19
41	1866.60	860.00
41	2022.68	860.00
43	580.11	196.84
43	603.98	196.84
45	725.52	334.60
45	751.63	334.60
46	1168.56	577.93
47	543.92	249.89
47	690.66	249.89
48	769.82	381.38
50	776.52	379.26
50	943.20	379.26
51	609.30	181.68
52	1588.72	667.47
53	463.31	165.07
54	866.23	369.34
55	2133.81	605.77
56	1840.73	894.61
57	1608.06	786.09
58	2664.18	1150.18
60	1407.81	520.21
61	683.53	335.85
61	729.95	335.85
62	1574.00	698.73
63	719.48	332.35
63	818.05	332.35
64	2255.09	944.14
65	1227.73	552.58
66	2964.39	1125.68
67	311.72	151.57
67	313.79	151.57
67	393.29	151.57
74	944.18	414.89
75	449.59	183.39
75	532.73	183.39
76	530.20	168.16
77	705.05	255.82
82	413.24	204.10
82	553.66	204.10
87	790.87	298.79
90	808.34	177.86
92	563.82	225.97
93	807.42	355.55
93	840.16	355.55
95	640.51	153.61
98	874.79	426.92
100	465.15	211.79
