AAAAAAAAANECAAAA	34	18.579234972677500	9	4.918032786885200	18	9.836065573770400	20.3333333333333333333
AAAAAAAACAOBAAAA	27	11.688311688311600	38	16.450216450216400	12	5.194805194805100	25.6666666666666666666
AAAAAAAACBNDAAAA	38	11.620795107033600	52	15.902140672782800	19	5.810397553516800	36.3333333333333333333
AAAAAAAACCGAAAAA	30	15.151515151515100	18	9.090909090909000	18	9.090909090909000	22.0000000000000000000
AAAAAAAACKBDAAAA	32	12.698412698412600	22	8.730158730158700	30	11.904761904761900	28.0000000000000000000
AAAAAAAACOIBAAAA	31	8.072916666666600	29	7.552083333333300	68	17.708333333333300	42.6666666666666666666
AAAAAAAAEBLDAAAA	9	3.703703703703700	34	13.991769547325100	38	15.637860082304500	27.0000000000000000000
AAAAAAAAELFDAAAA	54	20.224719101123500	4	1.498127340823900	31	11.610486891385700	29.6666666666666666666
AAAAAAAAFEBAAAAA	19	15.447154471544700	17	13.821138211382100	5	4.065040650406500	13.6666666666666666666
AAAAAAAAFODDAAAA	30	11.494252873563200	7	2.681992337164700	50	19.157088122605300	29.0000000000000000000
AAAAAAAAGLMCAAAA	37	26.811594202898500	3	2.173913043478200	6	4.347826086956500	15.3333333333333333333
AAAAAAAAHAGDAAAA	16	8.333333333333300	15	7.812500000000000	33	17.187500000000000	21.3333333333333333333
AAAAAAAAHCDEAAAA	41	19.248826291079800	1	0.469483568075100	29	13.615023474178400	23.6666666666666666666
AAAAAAAALAEBAAAA	19	6.959706959706900	21	7.692307692307600	51	18.681318681318600	30.3333333333333333333
AAAAAAAAMBDEAAAA	26	6.372549019607800	66	16.176470588235200	44	10.784313725490100	45.3333333333333333333
AAAAAAAAMBGBAAAA	5	5.050505050505000	1	1.010101010101000	27	27.272727272727200	11.0000000000000000000
AAAAAAAAMDODAAAA	17	10.897435897435800	32	20.512820512820500	3	1.923076923076900	17.3333333333333333333
AAAAAAAAMOIAAAAA	84	25.454545454545400	12	3.636363636363600	14	4.242424242424200	36.6666666666666666666
AAAAAAAANMAAAAAA	12	25.000000000000000	1	2.083333333333300	3	6.250000000000000	5.3333333333333333333
AAAAAAAAODOAAAAA	5	4.385964912280700	3	2.631578947368400	30	26.315789473684200	12.6666666666666666666
AAAAAAAAPJOCAAAA	29	15.343915343915300	21	11.111111111111100	13	6.878306878306800	21.0000000000000000000
